1 0
7 33521
1 57136
1 1170
1 159105
2 120724
1 67124
2 15078
1 15662
1 46153
2186 470720
1 138630
1 61013
274 5716
3 98047
1 71234
3 20140
3 232621
1 12518
1 44438
1 275231
262 62153
1 243391
81 72730
61989 20625
702 501598
66691 48067
1 45350
75 111576
271286 121535
1 329147
1 48671
1 29230
1 160151
3 1067
1 230907
2152 131232
216 54459
1 104025
2 2646
1 42624
2 36006
878 249230
1 125247
3 28613
1 38629
2 121570
1 84386
57555 253846
1 46700
1 449339
5 212370
3 240331
1 137044
1 135581
2 310216
1 32658
40738 124477
1 80614
1 13565
5 16737
6 27383
2 66174
10 222525
2 36336
1 527429
2 93929
2154 218599
10 113362
454270 43166
2885 25167
58086 99698
1 58454
1 126086
2 301272
1 243109
1 25414
1 55720
1576 20682
2 110234
239 199869
1 47700
6 91756
309 217166
861 165017
870081 424222
1 130421
2 89862
305 499716
2 140006
650688 12721
2 8012
10 93446
54 65868
2 197143
2 8152
1951 87517
1 73756
1 34968
1 157230
4 13851
9 71381
1 159977
3 42634
2 303588
1 126112
1 83598
1 195102
4 225005
2 64333
2 38614
4 56824
1 651105
1 74690
2 345756
3057 53292
43 19867
4 39432
1 59393
1 91146
193 336599
2 4350
1 60503
30 114763
25008 11381
9 100908
7 373157
1 481658
356 76269
1 15023
1 5413
1 110286
1 131531
2 43112
3 228446
6 68149
1 50775
1 59341
1 40331
1 479763
1 4828
1 61006
1 28057
1 67960
1 107335
3 61184
1 133194
1 289173
1 4252
9 160760
1 59701
1590 88345
1 122439
2 301060
1 66476
3 45980
3 175882
387038 1655
1 24106
279 17793
1 254669
208 482554
3 84712
1 4728
1 137645
1 119715
4 352517
4 195402
2 403716
9 502566
1 51371
1 7503
2 73422
35599 8620
1 16329
6 89450
1 75486
2 13996
55419 36665
300 91519
1 12528
201 203203
1936 105806
2 9616
1 47785
1 203938
10 3900
2 52708
4 314292
1 99835
3 326385
1 81301
1 186460
1 423718
2 168153
4 14719
2 114923
1 16257
1 117179
1 24978
3 183637
46977 75015
335 203997
1 72942
2 960
1 82478
1 313116
1 17346
2 10560
1 82893
1 53923
1 92484
1 40559
1790 51962
3 98233
1 45532
33529 175226
1 6689
1 286462
1 512399
3 101389
1 195876
1 90814
3 149036
3 38443
1 220032
1 389158
120 61656
3 61222
1 73119
1 79287
17646 41402
1 28051
2 53296
2 104092
1 206270
1 67544
1 14852
1 87325
6 143724
1 107346
1 118767
1 46031
242 41558
1 46354
5 55555
1 375543
1 66483
2 76120
1 299404
2 78931
3 9624
1 194182
1 207203
2 127272
1 169339
2 59899
299 177423
299 64709
1 366473
2 53311
1 38487
2 9326
1 172122
1 479839
2 89273
370 183404
379 64884
1 28873
8 124579
32 52413
3 148612
54100 340331
1 13457
867837 43963
2 153698
1 53865
3 63832
2 94857
206 40748
1 14574
10 102036
1 16337
1 41319
1 152888
290 85466
1 35546
1 8170
9 69950
1 47134
303 113015
7 260219
1 111832
99264 128992
1 155103
928 66304
1 104265
1 102942
2 24579
1 68985
1829 96086
1 228782
1 34087
68 85555
5 40465
85 75497
73009 72530
1 74380
3 173991
10 20458
7 221771
1 41834
2 46217
7 6746
1 5488
1 90507
328 215917
1 70798
1 19223
4 308316
59997 105516
1 180790
5 188022
1 7504
4 10127
2688 45960
1 77087
3 83679
1 74287
1 152463
1 14054
1 3053
1 104582
1 204993
4 168081
169 35340
1 245942
1 21464
1 196252
77 12913
2 122152
1 3153
185 162646
2 169910
1 96147
1 69650
273 59927
8 124798
1 44413
340 157
2 4913
1 136158
357 456459
2 17433
207 199320
3 406051
1 158261
1 544579
1 199440
9 85896
5 214902
1 10954
3 101900
7 67333
2 295579
1 21787
1 58834
93 48157
1 42986
2 35613
1 33062
7 13779
2 53270
122 325549
2 28105
2 66224
1 657
2 73294
2 11148
2 176386
1 293544
1 43722
2 180852
191 30652
1 896
113 135215
3 43952
1082 122241
3 53984
68877 133497
359 48233
3 181609
1848 127819
45 237843
9 36290
10 129571
1 419477
2496 5119
1 5206
276 122593
6 158943
3 62672
1 65380
5 7625
267496 3001
1 10498
1 522498
2 96202
1 89234
2 405464
2 122238
1 318540
9 113907
6 74080
1 16921
2 70437
1291 2779
2 61248
10 105875
1 375949
1 190049
1 170032
1 25946
1 171966
1 55089
1 66023
2 113171
2 172677
1 115611
2480 96799
18899 48939
7 12810
1 122745
1 234483
1 2125
1 64083
1 223295
2 117569
2867 170774
1 313000
1 58018
3 184335
2 150589
10 161736
2 417485
1 348638
1 38528
1067 149472
3 48695
3 2453
1 57634
2 122327
7 36400
3 31190
2 148412
1 181883
1 4224
1 37922
9 24878
230 32031
2 146913
1 50469
3 578872
2 15651
2 103686
1 136557
2 117052
2 20256
2 167047
1 39231
180 61605
1 139651
1 18104
2 7558
1 38378
2950 226418
1 58464
2 225896
1 477967
1 40341
3 51563
10 68030
1 143372
1 247919
7 3650
229 52658
395 243937
1 242312
1 117700
1 19217
2 219372
1 113702
1 9105
2 53995
1 35421
1 79951
7 94837
1 176420
1 117463
2 151589
2 169392
1 447154
2 67431
6 92280
1 221422
2 313029
1 48078
3 13004
2 103
1 320881
255 61230
2 22203
2 23055
8 88224
2 102955
2 247708
54304 100980
1 46995
1 57621
2 141323
190 235165
1 215637
1 223774
1 43799
2 258741
6 106471
2298 44471
1 168219
1 3945
5 396926
1 45296
1 31215
1 192878
1 624517
1 81994
1 124250
1 114434
1 9065
1 37960
1 45551
626773 181009
3 196037
1 183467
3 176996
2 98406
3 156324
2 411234
1 26065
2 24919
1 74645
2 21872
1 29058
1 132265
103 97701
1 60211
4 66244
995 246891
22 179564
3 118527
2 184490
5386 437980
1 125766
1 33142
2 130149
1 2004
1 271430
1 33147
1 81703
1 288204
1 4554
1 257639
2 19835
1 229862
1 491385
1 39585
1 10273
2 101713
64 85621
1 17399
1 135697
1 144035
2 169262
1 75446
99702 23913
2 316019
48 131829
4 26444
109 98045
1 53024
2 82049
2 35451
1 260463
1 4347
1 42721
1 25326
186 20138
1 224821
2 35533
5 11924
1 5664
5 31774
200 31518
1 59882
7 436596
2 260924
3 17513
2 3695
2 123214
1 105065
142 97456
1 100809
7 118354
867 473087
2 258499
3 15113
9 10377
3 50885
1 86140
2 21743
1 551593
3 10413
1 160117
1 35593
2 57673
1 291572
2 302920
1 188147
93178 43310
1 1107
1 51782
3 32499
1 529136
7 7936
7 124588
2 113462
6 165026
10 147663
96 166378
1 2733
3 24482
1 13050
1 153019
9 65672
1 228870
1 10019
1 101914
1 16874
1 64286
2 50709
1 72283
1 38470
1 190889
2 86916
1 297144
9 70905
1 115769
1409 210176
1 286452
2 21949
1 78310
66 253900
1 137752
1 421208
4 63556
1 66724
1 148832
2 104140
1084 178591
1 411320
2 20929
4 53016
2 416132
1 65899
1 162519
1 19274
2 31837
1 29457
2923 29737
1 6
3 45716
2207 132149
2 212880
1 128747
2 18739
2 138181
279 46929
1 78903
733944 222364
1 171534
1 274224
2 173465
1 59772
1 109717
123 133172
119 51465
1 93943
2 216552
1 223547
2 99080
1 587787
92685 28260
998585 350741
2221 21623
1 396002
1 124800
1 85016
1 35824
7 88656
1 82436
6 20905
1 234258
2 160890
3 19312
2 14718
3 260032
3 35337
347 160626
369 55046
2 324664
4 72374
1 109393
2 146140
8 4754
1 161603
224 169536
1 276125
6 86748
1082 41149
1 559778
2 48177
1 44824
286 102588
1 45984
1 325977
2 124086
1 104794
1 12393
5 18710
7961 431305
1 6865
1 32483
3 73229
1 79366
8 125343
2 313804
434270 92443
1 64090
2963 21511
2 368109
529466 9600
1 144080
1 108647
1 138712
355 102453
3 128491
3 122978
3 66047
1 23632
1 8884
1 76022
2 156599
2 419739
2 123114
3 123821
6 381039
477 107894
1636 72868
166 106184
1 84074
1 51822
9 156023
3 44739
1 262122
1 168127
387 5046
2 397818
2 4871
1 385698
225 152736
281 177727
2 58866
1 149147
4 40845
1 90651
1 1514
10 17153
1 92043
2 80720
1 2770
149 44114
2 20335
357 350740
1 24922
2 53047
2 162015
1 409401
3 130334
1 164691
1 436946
2 91001
1 69648
2 99938
1 429
1 284731
1 44725
1 145301
1 81058
1 127780
1 135813
1 34697
1 20812
284 74688
366 12925
4 17675
2 22069
1 53266
1 24489
1 68087
3 16316
2 254347
2 73180
2 48718
3 243106
1 22216
1 221837
2 37554
1 66859
2 147804
6 4826
2 317894
1 164946
5 344198
55594 12867
300 55893
1567 117090
66 41228
1 13777
1 421482
1 2184
2 120697
40154 35156
1 29249
3 219515
634046 84958
3 109138
2 53128
2 187801
1 7173
2 72534
3 85484
2 541421
1 86336
2499 782106
1 226526
2 132191
2 48919
2 248596
1 115437
76 156285
1 63672
33 208517
1 328458
1 30584
7 85425
1 35815
1 320089
1 138625
1 167640
1 129730
79366 161985
126 107496
266 9230
2 42887
2 30142
1 113653
1 163843
1 49320
1 54153
2 63612
287 78891
8 648663
9 131429
155 172801
1 130670
3 94634
2 112348
282 4584
2 252647
42989 289834
7 176201
1 305030
2 11975
3 185654
172764 22331
2 13200
2 30532
49113 388222
88 42399
1 119958
140 36701
1 47141
2 109942
6 141003
1 44456
1 7811
1 145870
1 377
361 25832
1 165656
3 29503
2 102725
1 60402
2 77283
1 63065
1 8502
1 53409
2 37163
1 77814
1 94004
3 18034
2387 91945
1 27810
2 120566
1 260612
1 124457
162 74874
1 178751
2 130001
4 14725
1 169428
830250 54739
1 95351
5 34479
2 182912
1 150079
1 84616
6 71611
279 132645
1 115242
1 126656
2 19826
1 85355
1 11901
1 257470
1 92133
1 70191
3 266072
1 24755
7 14022
1 348317
3 222915
1 172304
1 209120
1 57200
1 83135
4 224492
88 113244
2 135035
1 277763
1 264405
3 57396
2 71239
1 118706
1 9601
138 5488
3 154272
1 191285
1 63370
1 75515
1 106435
1 93022
1 79366
10 163550
140 16572
1 96041
1382 68385
1 33575
1 91932
1 248950
2 153486
1 27850
1 120370
3 12809
1 193095
1 101347
7 329801
1 127600
2 89141
215 151810
1 296864
1 91777
6 77387
1 206927
1 189020
1 474455
433 346138
189 12055
588 28353
1 149636
2425 25795
2 76634
1 163046
1 21157
1 114020
1 150885
2 238954
7 79453
1 194221
142 75301
1 93991
2 53529
1 28722
1 146627
2 18912
1 20998
2 9864
2 74806
2 15226
3 152546
1 134872
1 105178
1 46928
6 136408
145 112058
1 83963
94 188318
1 261304
1 183763
1 46834
1 92700
1 438167
1730 69993
7913 25028
65 3196
2 17089
6 32370
2775 95638
1 205586
1 248652
131 133404
1 32025
1 433989
2 20232
2 505748
1 11142
1 54319
242 97319
62 80156
2519 212668
1 273623
1 5830
10 151910
1 3718
1 155975
1 470145
1 168339
1 111164
2903 196117
1 110652
3 44669
294 337096
1 56846
2 19496
207 18568
9 3341
3 70994
2 5017
360 4661
1 164779
1 215921
1 81217
231 152438
1 82937
1 106497
10 194361
3 90676
1080 63920
1 132957
1 154220
9 6623
1 36253
1 73914
1 414113
40827 64330
1 238834
291 196203
8 162883
1 168294
350 103338
4368 154533
5 38124
1 30344
1 141444
3 168596
363 59762
1 49754
2 23440
1 56758
1 162314
2 173337
1 73457
1 286438
3 9245
1 613148
1 84757
1 32256
57988 2412
1 150482
1 280901
1 23670
146241 3880
1 227197
39 884
150 77474
2 288491
2 211034
12874 183096
787 11420
288 297345
1 146729
1 66714
1 11360
1 55959
1 59174
1 477729
2 33454
1 141700
1 32573
1 245516
1 176322
1 45132
1 235290
2 15099
1 163217
8 179401
2 138610
387 41052
4 99050
2 25466
1 411288
2829 88600
2 47366
1 98185
1 91041
1 92141
1 241496
44739 4681
1 5565
1 585
1 327623
1 51591
132 6954
1 95693
2 135307
1894 21394
500 89160
1 111947
9 28906
1 229375
2 364152
1 323834
1 102695
1 42963
3 67660
687 123235
1 282729
379 177306
1 86587
2 171913
2 260565
2 8234
2 149443
1 22515
291051 207561
5 612665
4 195253
1 131039
1 137726
77355 142609
1 13109
1 6637
2 468458
1 99427
1 289645
2 99572
2 658
107 4881
1 124217
1 73048
2509 15367
6 224931
1 70553
2 447401
1 66766
2 362542
935269 133593
10 25802
177 11568
94 65511
3 39925
2 10094
2 278926
3 48930
3 201870
6 161596
1 114907
1 202179
123 93401
25 6989
1975 275466
1 153545
2 35473
1 362347
10 167574
7 172392
1 237801
2 13877
547 514043
1 26328
1 264656
1286 94918
1 10086
3 101190
1 69425
1 43849
4 29602
1 236095
2703 137861
1 41949
2 29448
2 168277
1 87583
6 7341
1 219504
3 855
2 9549
32149 6625
876144 58192
1 61219
5 332546
1 491534
2 166059
1 40832
344 3493
1 44815
3 27704
316 7463
2 19131
18970 78267
3 38836
1 47300
1 17793
1 111543
3 200600
3 113375
1 2439
2 96181
268 58211
3 45237
1 198551
1 41153
1 84096
1922 159268
1 4726
1 184758
1 106287
2 148748
1 291094
2 87589
5 67684
234 59362
3 25537
243 6267
2 676664
1 41421
2 96788
1 184182
2 28812
3 69820
1 164143
1 32264
1 13352
110 42082
1 40179
1 175127
1 6246
3 33312
1 86873
1 39962
64010 336172
1 154291
357 309563
1 399359
1 222117
1 115320
1 163545
40111 30883
35 190128
2 78580
1 88146
4 91653
1 68217
13112 73213
383 239714
1 24962
2 92794
1 452794
329 117161
3 11439
1 121782
34 106802
3 115
284 30362
1 26688
1 42718
1 41054
1 1561
2559 104208
2 56494
1 24551
3 140030
2 84284
1 149652
2 532623
2 64417
2 43393
1 95272
3 757669
1 356560
9 95265
3 314788
3 40271
1190 284133
1 37445
3150 48642
1 109746
1 78342
662 6284
1 43946
1 94117
1 27132
1 300575
2 181405
1 1556
423176 184908
7 236700
3 14121
1 2334
563 78281
1 78132
2518 60154
1 165131
207 119311
1 57652
3 216800
3 3589
1542 311376
1 141353
8 14204
1 277992
3 76811
1 14273
2 137346
2 41591
9 72444
3 99989
194 48224
2 108968
30848 14550
3 188812
1 392442
3 40528
1 75403
1 306819
1 82131
2 110171
1 175512
1 185136
2 31160
3 38836
1 90637
3 168503
2723 57979
2 314517
1 64669
1 79975
1 150130
1 27574
2 181690
1 71522
380 402446
1 4530
4 4586
5867 161935
1 140395
1 68773
390 220003
9 49954
5 40908
1 142372
1 50099
7 242106
1 111286
10 207140
2 21716
87 678328
9 101196
2 184882
1 136432
2 51038
1 193087
5 178510
3 63540
2 252145
10 272676
1 188964
1 258889
6 23679
1 534453
1 60935
1 117862
1 166139
2 128908
3 122482
1 190394
4 41709
344 64055
312 16257
1 161614
9 258645
3 2196
1 31562
1 157771
1 31161
1 255709
1 203377
1 17806
333 236509
1 22011
1 6281
50093 81224
82 209752
1 130107
8 12083
3 95016
5 91222
365351 226489
1 14656
1 37226
2 127765
1 18375
2 19752
1 66308
1 295387
1 15315
1 488579
1 363321
1 65460
8 58423
1 108022
1 136557
798 46252
1 101692
1 334932
3060 371706
377 69296
1 36744
4 131571
1 115358
1 166851
2241 139984
1 160220
1 46459
128 367201
2707 145753
975 9478
1 39145
3 11714
1 205039
4 97818
4 132172
1 195925
374 438039
1660 227956
1 197670
1 22407
1 145437
7 9729
1 41713
1 86466
2 1293
1 48422
1 130770
7 182588
350 205506
2 256080
1 366382
1 145214
2 73026
1 169093
2 22528
1 91515
2 22856
1 384758
47 303248
1 152457
1 31582
184 11191
1 10702
5 81367
1 4200
3 219446
1 139760
2 76087
5 89657
3 201181
216 243570
2 43454
2 131769
1 89646
1 149181
1 73833
2 405705
201 116018
2 189427
296 169355
9 26358
1110 2861
1 12146
1 43902
1 17498
1 149461
2302 72710
1 129778
1 406177
363 47220
1 424636
3 148144
2015 257233
1 113806
2 109588
2 148931
3 207773
1 110037
3006 111977
1 24194
202 18992
1 57602
1 15315
3 31744
2 104286
1 36110
6 195239
1 74005
1 23214
2 117562
1 210065
1 103527
1 76086
6 383112
1 202300
255 86177
1 151705
1 44446
1 114543
1 111516
2865 42195
1 40214
265 89072
399 260770
2 56023
1352 3731
1 79265
1 43896
1 138561
5 1357
1 131608
1 51513
1 39806
3 66134
1 43357
2 3257
3 95948
1 2726
1 450177
1 242516
1 108819
1 53194
4 2726
2195 92400
1 209765
3 54010
1328 7390
1 64154
325488 188588
7 35794
5 36977
1 131249
634 441383
3 114243
1 129255
2502 94107
1 35742
237 63058
765212 194179
3 101626
1 47719
2 38254
1 42928
1 40087
6 41662
1 89261
1 19585
1 297691
2 131029
112 160233
84 45491
4 133268
31286 62340
7 98230
10 38055
258 43174
1 120977
2 76508
1 236520
1 75759
6 34748
1 27528
4 12334
1 39172
4 25312
1 310648
1 236580
1 8191
223 4376
39 180640
3 43145
2 5585
1 42433
142 72336
10 116198
3 57233
5 85646
1 114178
1 62928
1 147406
48 15567
3 15236
78 55296
1 288679
2 73637
247 20887
1 77255
327 130845
3 10813
1 73824
1 513
295707 305417
2 61118
1 77935
1 12524
4 150132
1 55791
1 86666
60930 105137
364 43727
1 101742
1 125708
7 17199
2 69431
2 82267
1 31514
1 2433
1 559529
1 27565
1 78453
1 241749
2 51107
73441 92737
2 20395
3 103204
1 108377
2621 79757
1 250860
1 136831
389 55415
4 492090
1 75338
17 101140
1 117527
41464 6136
1 158755
3 82887
197 16069
1 14820
1 197867
1 123520
1 25384
2 84995
1 53085
1 51486
1 56232
6 39642
1 122177
7 24086
1 200075
81 22917
1 54240
2 278070
2703 152402
3 197834
3 19827
1 347119
5 6772
3 165128
55025 176619
1 11408
197 29920
1 44587
1 36988
1 51412
2 18188
1 50989
158 157449
4 75057
1936 47991
1 62444
3 25515
3 12185
1 2471
1 61374
1 128381
2 6903
1 220439
2 196961
2 193296
1 162753
3 62721
419957 63916
3 131381
8 20331
8 178834
379 182665
2 213930
1 117069
4 113686
1 124293
1 170784
1 79850
1 55674
1 128164
74 221735
7 172429
284 92468
2 121501
1 218785
2 58426
1 316505
1 2204
1 262391
4 85308
1 72281
48 95208
3 453382
1 54113
1 147771
9 81038
3 121029
5 188298
98456 414147
1 107792
1 304499
1 392632
1 70074
40374 65485
3 73517
1 235157
1 155986
1 153112
1 61111
814755 10354
1 96528
1252 29380
9 7308
5 342378
1 42545
1 162568
1 68947
10 234626
1 169077
2 295324
1 32661
6 261848
51 27630
1 101086
2 51200
131 75272
1 90173
1 260157
1 4741
10 7346
1 181862
4 103374
3 42775
3 165963
1 10266
9 24262
3078 119592
129 195608
2 17214
704 89420
2 180179
1 115765
6 65624
1 116816
1 88444
1 18673
1 161186
5 443770
1 185579
2 143215
1 357486
1 172778
92 206994
1 162048
2 15969
2 11180
1 29659
1 160911
3 65608
54 174074
3 160178
36558 214080
770466 67401
83906 27301
604800 74076
1 34123
1 23150
1 82675
384 16111
2 83510
3 225182
2 450031
319 31718
2827 13656
8 102739
1 58419
4 226837
1 7677
3 165579
1 57037
1 59718
206 219380
1 67040
509614 41214
3 142665
3 467673
1 123367
88 114384
3 95686
9 75339
1 189959
1 77568
1 117162
4 4956
8 4303
2 31108
1 69980
79683 438764
63 108600
2 12759
2806 95724
1 46836
3 93088
388 237974
264567 306000
2 3748
2 62995
1 68720
1 384152
1 331609
3 44794
1390 121817
4 249984
1 125625
2 107502
5 58772
1 162606
1 89137
2 146484
1 76946
2 85371
128 91123
36 89046
1 104572
1 65725
18 97791
388 92349
1 10420
1 408007
1654 81185
1 67147
8 289682
1 33189
3 36711
1 10661
2 25360
6 2636
1 4337
1 85981
1 24852
2 96668
2 413269
1 134986
2 82009
2 36402
371 111689
1 168907
1 54054
1 216013
2 62357
76570 49437
3 59107
61205 23039
9 127729
1 95945
1 144850
2 204440
4 56344
1 75429
16 72339
2 82452
2 38145
9 12063
2 278910
606704 95743
1 284067
1 130745
584 94896
4 259359
151 119609
3 8386
1 41837
1 88788
194 138850
360 70697
1 308595
1 30601
1 5560
2 15552
52 187941
2 138616
1 44973
1 97392
1 185703
3 88591
1 276928
97 92016
3 91743
1 45026
273 142705
46613 528762
1 51429
3 92208
1 514916
1450 73885
1 93916
1 53605
2 22418
373352 83215
3 110423
3 21698
1 1981
10 100787
3 46146
10 27591
6 91224
1 120853
3 121542
1 11674
10 118522
1 14189
1 213140
1 305134
2 17566
1 207913
663 88603
7 10129
56 84659
1 35109
1 127942
2 525041
3 48539
2 25394
76 80382
2 218541
1 161639
1 200145
1 76257
2 36703
1 46603
14 81701
7 506903
1 146557
1 139153
320 541311
90044 25374
1 468674
1 54863
1 343932
3 7953
98 225692
135 207104
1 71922
292 13428
7 179745
1 89311
2 168712
1 8420
1 788
3 232697
1 77871
138 29452
1 35808
1 14395
2 51466
1 58700
1 61056
2 32635
1 100816
1 51184
4 12557
1 119817
183 47839
10 5506
2 48804
1 157792
3 113783
1 163700
1 76662
1 127789
1 103139
2 48121
1 200653
3 16137
1 124877
1 271436
1426 16312
2 37691
10 87629
2 233964
1 265464
1 306990
1 99869
1 89288
1 45876
1 40238
3 7862
1 30967
10 72335
1 236565
2 143850
3 130903
2 51920
1 275176
1 114842
8 128789
3 76964
723228 14940
2 34829
2 102910
9 122333
441 111549
2 41049
1 334834
1 66771
155 38634
3 110792
2 82077
1 144720
1 71646
1 51572
4 96350
1 51767
3 63243
3 624397
1 95395
3 270018
285087 65750
1 211027
1 1521
1 74256
1 10646
2 278949
307 35132
30329 20278
2 48835
1 4315
8 123568
4 70825
2 20778
8 210057
1 56135
1 74069
242 253749
1 211319
2 111883
2 41151
1 180619
3 127023
2 184106
3 163449
8 55939
433 20254
2 19229
2 220527
1 48067
2589 47960
9 184206
1 81742
2 62125
2 73018
3 283241
126 113111
7 153989
1 103859
1 69782
3 29492
8 205867
1 378935
1 163994
1 256571
5 192214
1 462980
1 162479
149 39000
9 292430
1 141376
1 25580
3 35583
6 61757
2 406364
1 70354
1 223594
148 11960
1 6054
354 89262
1 49595
1 153597
177 143588
272 91436
5 36104
2664 233986
2 122384
1 37524
1 80244
2043 279033
96 127896
1 97606
8 104457
1 108678
2 318167
2 37700
9 62210
1 144818
2 93052
1 103208
1 211087
1 97472
9 315222
3 117785
1825 129579
1 40319
1 144593
1 5923
28508 159934
727567 88440
355 149343
2 289695
10 64524
1 260149
1 161137
1 94457
1 102328
1 34796
344 197033
2 14490
2267 67457
1 102639
1 253357
1 42379
2 97996
10 11900
1 1126
3 19299
230 130703
1 35718
1 56509
442472 452525
6 13138
8 269621
2 87198
1 259399
5 452890
50439 29840
1 33614
2 123391
3 376971
1 159886
2 61087
1 123322
8 59479
1 146636
3 264905
1 173211
1 22386
1 36973
226 355168
1 5111
2 2173
2 19687
1 80964
1 61170
2 45244
1 181926
1 201716
3 122755
2 344020
1 173284
9 48968
2 160017
4 60544
124 218000
4 63282
4 276307
1 156886
1 809
1 15961
4 65243
756 229692
2 68454
1 258802
1 66409
696629 70360
1 189414
1 549578
1 133125
9 203806
362 149337
2 23162
1 104437
67312 17820
369 265549
2 9244
1 33853
172 249947
1 149097
2 133468
8 117853
2706 74970
4 73969
1 36100
1 227965
5 86563
2512 129642
2 79919
1 137596
278 17151
2 38234
1 147149
31 109539
2 54649
1 30677
338 150133
1 76819
59 309100
2 115087
1 502625
1 16468
2 87214
1 321728
73 110252
1 100439
1 66995
1 100268
1 218562
1 82383
81 24900
2 191647
2371 25153
98214 53438
381 1263
1 217387
1 6158
2 3239
469832 26864
1 115174
1 65291
65558 41666
1 68133
1 30924
1 11346
1 219503
1 29054
2156 350412
2 110045
2 202167
1 195497
1 134332
4 74479
1 121174
2 11828
1 288774
1 37936
381 502038
1 144002
5 85257
2 92662
10 470370
2 166018
1 37428
3 3905
1 579752
1 147457
1 4562
4 18116
1 17404
497 49369
3 50967
81292 15205
10 42245
1 375607
23684 18611
1 17843
278 460145
2 142899
1 362300
1 97039
1 118611
1 7608
1 55116
2 133175
310 117907
1 23943
1 76048
149 7878
59 136564
2102 21708
1 218371
1 147127
1 183910
2 16516
1 58564
1 241406
1 81785
4 44762
3 8035
2 74833
1 159289
274 51864
1 17819
209 81492
2 34194
1 86118
419 92492
1 39588
2 9029
2 92790
1 193320
1 71054
1 3893
8 9477
2 32527
1 79165
2 3964
9 82106
1 237408
1 56051
2 5206
871226 58885
1 331434
10 37365
1 280195
2 297791
7 184743
266862 69884
3 211909
9 361538
1635 2258
1 3242
1 137819
1 330635
3 60714
2 167835
2 145778
2 20666
188 134658
1 211502
2093 44593
1 43803
1 2754
1 28320
959 4284
1 75850
1 167257
2 27451
1 39849
2 134419
7 80348
2 155683
1 58295
3 36232
49682 36970
1 65768
3 116032
1 100344
205 96427
1 223104
317 68443
8 34631
1855 87096
1 99138
4 242613
1 120480
1 43296
69274 11488
1 498730
1 33569
1 47839
1 210979
3 15312
10 128724
2 165374
1 21980
2774 226792
1 8415
4 24772
5 167944
897205 172779
2 220944
61247 71798
3 114890
1 73313
9 121075
1 29068
1 109843
1 217982
1 18984
6 348120
218 34322
538015 64506
2 51740
1 277723
1 37472
3 30622
1 25296
2 18880
1 51978
1588 33538
1 51226
3 61874
2 60199
2 45761
1 16639
1 449365
2 65619
2 140266
1 737455
3 11697
3 13616
2 18289
826 59127
1 56530
2 112156
2 56872
3 7819
2 29820
90 98450
1875 248323
1 43221
3 68194
1 166603
1 196744
1 27083
4 136138
921 27973
1 166974
1 315235
1 176551
1079 98041
2 133545
2958 64331
1 117983
3 193862
9 170071
3 363816
325 331009
1 24306
5 429905
1 90225
2 138895
4 320509
2 20784
1 276396
1 477132
1 15547
196 208387
2 112908
8 206310
5 359776
1 73941
1 106562
5 30916
124 35202
1 91332
3 123932
91 4758
2 309643
1 72537
2 198713
217 91559
8 67792
9 96161
4189 102948
60 44535
284 1902
1 739913
1 243299
6 435975
233 37966
39149 150382
2 156084
2 168933
1 104105
247 161771
3 181943
2 62103
1 67137
1 4454
1 227906
305 74526
3 37644
1 71822
3 23046
1 17422
1 209873
2 252112
2 10396
1 439400
1 114339
95 28765
1 91557
1 367670
5 28438
1 190650
2 245108
4 342192
1 88987
2 328665
1 336191
1 389427
392 97226
5 145961
2 12181
3 79548
1 202035
2 106351
3160 93385
2 58417
2447 15220
3 91591
4 529881
1 85792
1 235775
2 261644
8 252606
2 1489
1 187318
2 149190
1 246226
3 134860
2 8935
1 68579
845837 144384
5 44953
1 167506
6 77917
1 3486
1 6487
1 187643
3152 13575
1 10164
1 14271
2016 300030
1 147657
1 282510
8 78525
7 125355
160 145044
1 63643
64 68201
2 5524
1 261300
5 472687
1 130480
1 93384
1 276047
3 36101
6 1227
1 25259
2 180106
1 5720
1 101799
1 7551
2 75727
1 93863
1 169584
2 11668
2 16306
1 91354
1 366800
2 104347
1 252707
8 129939
359029 82412
1 222642
34 75329
3 423121
9 408226
258 192984
15084 29012
1 38237
2 655557
4 11813
1 71184
1 261993
10 152584
199 222155
3 71984
1 68670
2 236894
2 88636
320 156603
6 339189
1 93293
2 58134
2 20801
179 140271
3 31714
7 78956
2 6020
5 12227
2 287983
3 20605
7 18474
1 76078
1 219001
2 154086
1 113046
2247 9762
1 88763
4 159881
2 74583
10 14086
1 83187
145 6910
191 194020
1 47598
2 242923
1 16002
2 128517
2 41593
9 90465
2247 38779
1845 284250
1 412453
1 97966
1 26360
1 31575
274 32813
1 283912
2 1085
1 81709
1 362342
2 67517
157 39416
1 408071
2 876
2 56354
3 62797
1 94706
7 204076
3 83585
1 358279
8 197269
10 86504
1 123614
3 195611
1 414801
1 69847
116 78152
2 35610
2 204151
2 46188
10 227018
2765 37181
96994 257194
1 129765
1 79170
317 130056
1 3091
64 189580
5 12857
1 35921
1 72272
2 322773
3 47107
3 193611
1 58449
1 9962
2 1554
1627 58345
1 41635
1 40970
2 307152
2 108236
222 6
1 29842
2 16440
1 89609
3 11259
189 571311
2 192628
1 357658
1 33513
2 21258
697386 44093
3 60270
2 39620
3 150680
3 14721
161235 134781
2 54417
2 75980
2 65046
49491 153655
1 63209
10 84335
10 233396
1 127984
1 36920
3 74782
815274 129672
1 131068
1 12637
1 211350
1 234286
1 72657
1 396730
3 41015
1 142948
2 120940
2973 4704
2 417172
3 17833
1 168768
1 35067
1 58027
3 178464
454 347011
1 85966
1 96452
3 167040
2 16611
1 69396
280381 38898
1 97887
2 35292
93727 7623
37405 60345
1 108216
94159 200205
1 150885
1 16333
4 326762
1 212681
1 255265
8 247490
1 110140
1661 126302
1 543600
1 28937
4 246402
2 16090
1 128993
1 333208
1 83170
1 205458
2 74187
235 151230
1 85464
1 95766
234775 173136
163 237933
1 4943
150 128486
3 224310
91190 55994
1 435
1 177547
256 116227
2 672541
2 47135
364 579117
1 234728
1 233141
1 19560
5 185061
1 8390
1 355914
1 247199
2105 4007
6 44974
1 17808
1 244309
1 79069
1 53580
2 57968
1 347204
1 133764
3 94110
1 68668
2 35812
1 2841
3 35971
1 149790
1 8699
2 194702
3 23390
1 7615
159 174767
1 122666
1 149971
1431 57148
1 20588
2 256571
7 27797
12 275150
345 3347
10 180639
1 70881
3 113382
4 246879
1 344669
9 321569
4 191598
1 61810
2 279526
1 182484
337 71432
1 63017
2 22694
207 65401
1 223937
111 41861
3 84558
137 21704
1 32235
2089 47362
1 24082
2 140200
2 13722
749 41305
2 235818
2 2241
2 58243
1 55156
1169 42091
2 23064
1 95915
1 99458
5 48688
1 3383
2 153591
3 65856
1 238680
1 127106
3 127628
769248 42950
2005 99388
1 115543
1 20542
3 48220
315 360308
2 153851
1 139511
287 62533
1 74117
1 42620
1 150756
3 28712
1 11658
1 15267
2 496110
1307 154201
136 8297
2 124904
838807 31212
1 202035
2 40843
143 125000
1 162206
2 165587
2 1550
37 362989
6 140884
1 195763
1 79276
6 194203
1 191624
1 145126
1 75576
1 337063
3 113434
2 2998
5 131997
1 11201
209 15814
1 1261
1 69687
2 213598
9 2486
2 118412
1 176948
2 79641
1 84645
3 301731
1 38072
1 31861
307 27639
2 266109
257927 129653
2 52422
1 46115
31 54036
1 53636
8 204714
1 84784
1 197091
8 74275
1 32944
1 16457
2 123138
1 66036
1 14626
1 262560
509 144086
1 39588
1 572360
1 61175
2 54048
1 285612
56 41986
1 100029
1 164141
3 47609
272 13301
1 31442
152 215983
1 42438
2 37705
1 82893
5 140830
1220 5365
1 243372
187 128946
1 45675
1 261861
2 306728
1 15228
87 320977
3 68939
1 7564
51630 195684
1 296289
1 8548
1 82827
3 91584
3 5746
6 35105
1 129496
5 2426
2 46812
1 327661
2 30711
1 451355
4 81840
4 18686
4 218288
3 225479
3 119844
1 407137
3 137248
9 87270
1 90244
47563 208109
309 435342
36 20025
3 167363
876656 19476
3 54331
125 63376
1 63202
4 140519
1 272572
2 76729
6 5087
9 160866
1 260552
318 410589
65 182673
188 171608
10 25394
1 24590
9 282197
2 13358
2 5667
1 144167
399 66836
1 223022
2 18701
7 60806
1 20939
389 27028
1 254940
138 18127
5 5117
1 98944
1 85839
1 449294
2 509768
10 365222
1 377279
59 180604
81 198381
1 65383
4 158161
1 12361
1 170441
1 107594
290 120450
1 307473
2 30369
2 215325
6 89773
1 58954
1 107808
2 85002
1 45935
1 39555
2 328649
1 60133
255739 21444
1 17015
1 16588
7 123211
6 3637
1 15746
2 165203
918269 57757
1 56817
23 405479
4 48975
1 26967
2433 202494
37 94072
1 258
2171 11318
1 158621
1 154237
1 334441
1 10716
1 123066
1 152803
2 167969
1 38253
630922 159886
1 5145
1424 16014
1 78265
2 403978
2 44070
1 34846
2 18747
1 80673
2 188999
2 608343
1 118554
1 9143
3 256556
1 72407
2 188248
1 111542
9 98509
1 69151
1 190024
1145 22528
67106 37317
1 8474
1 165864
1 22318
2 22319
1 68864
8 2353
1 112571
9 92810
1 67571
1 30436
3 60023
1 30124
500154 21959
1 180647
3 32905
2 315372
1 229213
1 472807
1 161580
2 365044
504023 15157
1 196961
1 15616
1 17533
633965 311005
1354 70571
1 41010
18 42486
196 73485
4 161453
3 5752
38 259663
1 236359
1 400702
1 79840
300 50905
144 279149
1 60872
2 40630
1 20265
1 56974
40 164207
1 75027
4 73631
1 69167
1 386606
1 110081
10 71710
3 80550
3 99994
1 126958
358 34268
1 43398
97574 68360
1 12771
1 169817
211 85291
1 50126
378 14391
1 23394
1 199954
314 135036
4 48480
2 143269
258 55534
1 893620
10 143751
1 114308
1 27125
61743 247775
5 14992
1 96987
1 41096
1 118209
1 265860
2 73214
1 4173
1393 140452
1 79967
3 188583
3 170935
1 41538
1 218685
3 253663
1 131017
1 162825
2 23986
1 93995
1 15467
18 256341
322 32837
1 158346
1 176517
1 9347
167 157182
1 447503
1 7202
95 13100
1 81991
2 200271
3 79133
2 99836
1 66850
195 229696
2 19658
1 134437
1210 18854
156 281203
2232 124433
1 162751
75184 52027
1 20726
262 225055
2 493535
82933 109823
3 22622
574 31824
2 32838
1667 218359
1 221505
306 265288
1 32230
5 33971
1 35284
2 33237
4 74117
40516 56297
2 66421
1 175024
1 14400
2 122240
1 140423
1 332499
2 93393
1 50111
1 64615
2 41854
33 10351
1 96204
1 1013
2 120501
3 60261
1 57185
2 142660
1 36774
2564 7640
155356 31070
1 27518
2 82847
1 77145
1 51951
9 100397
1 8420
1 4498
1 235515
3 23101
118 55764
1 253201
2 116591
3 6824
4 46121
306 251729
1 63376
343 224603
1 8256
1 69184
41 83577
9 324151
2564 358596
1 37875
1 47179
242 235219
1 33619
63363 70017
299 67385
1 22626
1 72199
10 43617
1 17473
46218 163335
1 127476
1 58515
1 174873
2 17763
6 324911
2 49386
1 17434
7 17511
1 37206
109 248425
6 75496
1 275146
1 13609
2 159463
2 44927
5 118121
1 18880
1 234039
3 97754
173150 35075
1 46489
2 226050
1 5883
1 5086
1 81289
23 41719
1 121202
1 162389
1 44532
3 149831
1 471884
2 266767
1 172157
1 176899
2 58642
1 107825
1 222864
2 78308
1 7045
1 137560
2 206244
2 255036
1 3635
1346 175505
1 41243
2 89441
1 80448
1 174766
1 65824
4 126218
1 91804
1 224618
1 50088
1 41295
286152 139807
1 191156
9 79012
28642 687
180 171736
1 64406
5 26952
1 31512
1 615837
1 89308
1 108831
1 9569
3 47532
62 281960
3 76283
1 246015
4 107469
2 133029
1 158106
2 396288
1 23213
1 82985
3 61261
2 293817
252 94895
1 166156
1 137089
3 28708
2 152385
3 65825
7 198040
5 97747
1 165967
4 157820
207 77003
2 93241
6 36821
1 81725
1 78938
1 71652
2 198859
1 39888
1 465660
3 239010
1 41856
1 130895
2 188491
1 76762
26788 1194521
2 29246
1 198984
5 236061
1 71156
1 77015
1 10389
1 35362
1 86926
1 45409
1 189770
1 71940
1 42409
1 302948
3 79400
1 49497
1 89167
1 137835
3 23854
3 63152
2 249019
2 194399
3 179291
1 45976
2 233113
1 113053
1 103788
1 84584
2 44862
1 310472
1 33896
172 129502
1 55510
5 71988
49 63224
1458 22007
189 607038
16 63065
1 151600
9 146441
1 5104
1 35642
2 210041
27666 61145
396 81702
1 21162
1 62639
1 95049
1 253913
1 203883
1 8832
1 20877
1 61412
1 217882
1 178049
2 17758
9 225438
101964 143569
2 179065
1 422077
1 56215
1 113845
9 108479
194 186200
1 14151
245743 85191
8 1697
1 213219
30202 81063
2 606
1988 1746
119 47155
393 130894
2 37007
1 234102
2 37952
3 177643
1 224136
1 61928
296 48166
1604 16618
1 22850
6 162237
2 184764
9 39849
4 443511
344 39730
1 199383
366 69543
1268 63061
1 120074
1 170635
2 143579
1 130092
3 96967
2 103267
1 44342
237 224449
2 72447
1 219739
1 61842
1 524043
4 581152
884 16563
2860 110756
1 102882
1 382980
2 44469
5 45420
1 226031
1 190183
2 50505
53863 27752
1 77206
224 240996
1 404274
2884 123244
1 54560
2 123591
8 110358
113 53912
1 9097
253 328817
1 247043
5 133871
1 53128
1 262027
347 47094
9 226846
1 300836
1 136116
2 221431
1 40898
12763 39115
137 177570
9 26715
1 76753
1 143142
8 144047
1 70843
2 116452
3 18250
1 35372
3 30244
3 22065
1 7336
1 10708
1 295711
1 91177
1 195273
87923 40940
1 92440
125 377050
1 124897
139 88492
8 79922
2 178802
3 38539
2 97549
364 117423
2 94202
1 9275
1 12636
1 152635
1 195897
2 2791
2 252822
1 1835
2 258859
2 213440
396 49808
3 278494
2 16769
220 68896
1 269960
2 249179
1 90179
1 22539
197 112577
1 434280
2 146266
3 86992
125 16305
4 162158
2324 44924
5 21492
44109 76166
168 74515
7 55309
4 41720
1 97138
1 126555
1 176643
1 601749
3 45322
40120 58814
1 82127
1 10857
87938 590030
274 380533
1 340258
3 3410
1 167152
9 190570
201 525095
1 263157
1 110841
2 259893
1 149496
1 108070
396 735
3 54971
4 221223
9 40894
1 34877
3 51855
1 535
1 121185
1 36391
4 28607
1 94304
1 214901
1 13149
2 13418
1 140733
1 204034
82457 35070
1 76340
1 57756
3 69542
1 19584
2 24995
2542 520717
1 147535
1 62383
1 225761
1 5275
168 132973
2126 83494
1681 238951
1 96883
1 409496
52 75154
3 45637
2 44217
5 1358
1 155030
1 132304
1 132068
7 5137
1 101124
4 44654
35219 163219
1 85683
2 262079
1 14751
2 34973
23 271801
173 82094
1 209867
1 62422
3 85965
1 123885
2 210951
1 5814
1 36140
1 143427
1 131967
1 94448
1 4140
2 33645
1244 156287
3 56019
1 6146
2 13237
279 34768
1 329059
74178 32431
4 72577
1 164230
1 81223
1 577
4 196434
338 154153
11824 219409
1 142881
1 51617
6 51851
271 45356
39 95201
1 16009
2372 111307
2 764774
3 150867
1 27936
1546 99311
2 23662
1 230887
1 50787
1 84966
2 122301
1 167949
1 3109
1 74164
1 157333
1 60549
1 3702
1 35006
606 128534
7 19873
2 61766
1 25641
70893 53470
1 51197
207 221337
1 109066
6 125046
3 115200
10 366707
1 9927
2 32757
1 12130
1 130662
19 33121
359 2030
1 175180
70763 42132
3 197040
1 198051
129 56581
1 158202
2 66359
2 109184
10 193754
2 230986
1 141101
1 72047
1 184721
8 73571
109 154864
100 424859
1 299482
1 1747
1 74437
1 127569
2 183313
1 55257
53489 28293
1 161363
2 26921
2 47735
1 107025
1 28090
1 159998
2 36517
1 47055
67797 70167
2 173229
1 92549
1 684060
2 9753
1 100344
393 119562
325 177965
1 78854
2 10583
8 184651
1 31964
2 260312
2649 43485
1 189703
1 53485
1 116228
2531 114547
380147 111478
1 114368
73 151089
2718 286755
1 26744
1 22590
3 54792
1 673
1 35510
31366 96919
1 9843
1 21648
1 325392
2 50275
1 178146
1 2205
3 19864
1102 107908
1 200218
2 67146
3 8053
2 42339
1 18951
218 49330
2859 11703
9 132607
6 62974
1 230200
2 68062
1 34548
368 18414
44 154603
179 65990
342 73705
1 16429
1 106373
2 59865
1 24180
7 104931
1 45701
3 8177
1 3669
2 47119
2651 113463
2 304106
2 6278
1 164352
2 33167
1 251629
3 117407
2 17491
1 215926
1 8586
1 227717
1 5808
204 376213
1 321908
3 25206
194 162129
279 38043
359 549913
3 89644
524 53339
213 243209
2 205139
3 179936
1 65168
1 188735
3 140279
191 41359
3 226956
100 200715
8 179379
10 820
1 20781
82552 74946
327 233203
488 80682
65 230267
1 280821
2 358653
3 76054
8 832544
3 109135
1 134747
1 39723
2 211697
3 313987
1 95960
1 28555
260 94092
1 179388
3 123226
3 8548
1 19309
1 12295
394 109489
2 1503
2 3793
1 47046
1 20708
8 483817
2 345365
1 19140
2184 246789
13 56277
1 12809
1 12708
1 16284
1 236068
2 182231
1 384843
2970 46688
1 75367
1 455658
1 30413
107 13927
1 78123
1 338264
1 412263
12537 199357
1 66731
3099 338261
1 79970
7 194327
1 13318
1 96752
1 17173
1857 41744
299 8093
1 98966
2 108789
2 277968
17 11425
1 71468
1 19395
1 56992
3 251906
313 106957
2 37326
181 301732
396021 43199
1 186304
1 195731
779 121857
1 134986
134 70019
1 49398
80 84757
1 186880
1 123152
2335 41371
1 143498
1 91425
1 81401
1 18060
1 19670
333 19098
2674 216905
1 10730
2 59937
1 96788
2 2116
1 25972
63 206879
1 147744
1 25651
4 3931
3 30102
1 40204
800596 16082
1 37373
1 14223
1 55062
1 175306
1 522053
1 7488
2614 147867
2 66198
1 195470
1 26285
2 353592
1 50415
376 72640
3 11639
3 264369
1 91146
3 7687
2 300190
1 55878
1 30626
1 118607
3 47244
3 101426
24776 2970
1 376203
3 4495
184 69591
213 73485
2671 207226
9 106176
2 524135
1 2760
2 98698
1 116248
1 101519
1 127852
5093 296967
1 359207
1 25238
1 2237
1 30160
1 54352
1 10260
1 205672
1045 16668
1 88908
1 51474
1 17236
2 176883
209 9802
2 85152
1 63554
1 15143
1 162178
3 381241
3 15790
1 146042
1 64638
1 123372
2 43777
1 29058
1 18553
3 82995
8 242864
4 41213
7 137983
1 55107
3 80311
1 46395
2816 167402
1 1141
73311 5187
1 7055
5 106916
2 66360
6 10429
1 1789
982646 303942
2109 132760
1 202531
3 151595
1 147057
3 328669
2 31317
7 135738
102 166271
2 126866
1 72504
1 129
1 173188
171 3289
188 152968
1 54011
2446 160480
2 36499
1 97647
1 102977
2 215576
1 309838
1 155483
3 116432
2 104352
2 234449
5 103194
1 109592
3 34279
3 285155
2 82693
1 621779
6 43994
1 183658
1 18924
1 97017
1 965
2 198162
89784 2193
1 99313
7 315680
1 116699
1 201755
1 306083
2727 130522
1 12743
366 43219
2699 284083
2 151225
2 499548
1 103579
8 35407
3603 599
1 66898
1 69938
8 24762
1 77754
1 27384
313956 19821
1 74143
2 133699
3 48322
1 92196
1 179467
215 165889
1 150266
1 22297
1 22813
9 186272
286 31595
1 61996
7 50990
1 213625
1 19535
1 175590
2 742
1 9006
9 284313
2 87666
1724 63693
2 296507
2 189019
1 104303
281 434245
3 43091
1 135039
1 78384
353 82573
1 80268
1 330177
1 43360
3197 105867
3 122131
1 174608
292 135233
3108 134623
1 179635
2 2507
1 138093
1 228721
1542 240333
1 49099
1 26548
1 96563
1 44480
1 35910
1 193136
2 428746
2 240071
1 258686
2 69859
1 457506
2 80900
1 122131
5 122815
206 125905
2 63328
195 11522
286 124989
1 189528
230 50895
1 76775
1 2338
1 72187
1 24463
3 110076
1 101138
2 19326
6 113209
2 136920
1 96764
9 523149
20227 300198
1 90998
1 173504
1 8612
1 10342
1 276302
1 207854
4 161229
277 16023
10 196917
3 376913
2 160100
1 191534
1 143217
6 561082
1 161475
1 172617
78563 11378
1 210615
10 306089
1 41194
2 400501
2 54833
237469 329407
150 10489
2 63946
1 149626
1 40440
1 9133
1 298147
2 104772
1 208710
2 71662
59452 89795
169 43630
1 115068
1 86287
241 7304
71092 374615
1 29407
1 25554
2 276618
2 262542
3 156843
2 533175
1 28792
1 241750
34254 23593
20064 43881
2 101282
5 197525
1 296666
1 82275
2 7322
163 142485
7 283674
228727 65410
1 5439
2 21809
1 70619
1 55478
4 58596
1 70378
1 51534
1 99070
1 60114
8 379824
2 117971
1120 113950
1 174834
7 507156
3 12843
3 93686
1 48082
2 50781
20479 65749
1 20816
2 200446
3 43899
1 142408
1 346842
3 190488
5 16508
1 79092
6 7097
1 104883
6 92604
1 139753
6 74545
51 56926
3 199360
3 167243
250 81564
1 232337
1400 162937
2 20591
363 362045
1 256203
2 145677
59 3278
609 97934
142 42143
1 161404
3 265462
14 18042
1 430005
274 15453
2 17801
76882 45721
1 131877
1 358623
3 34259
222 39509
2 159577
1 190457
3 153211
7 54518
2 41672
3 3189
404 124291
1 170527
2 13866
1 123127
482712 114943
9 1265
336 39668
1 108288
1 27368
3 110522
1 135834
1 264564
3 56509
2 36165
1 177430
1003 142949
1 78841
3 118679
240 19996
1 61110
4 93061
1 223946
2 359457
1 74120
2363 333956
2 86954
97 20901
290 65217
1 285996
1 4846
2 49295
293 99294
3 72061
1 135970
1 29256
2827 275434
1 78349
183 56018
2 145056
2238 30828
1 31522
4 32920
1 55648
1 150807
10 121297
1 20512
1 23227
8 37335
3 63291
32 250121
113 41877
1 355360
3 1797
1 20613
3 71881
1 13449
55802 38752
1 27456
2 188175
2 199723
398 118742
1 392405
3 1370
1 9911
1 169407
2 24144
29989 145331
1 104088
1 31404
2242 108203
2 149103
6 181722
1 131940
2 17597
1 205692
222 13340
1 208387
180 159279
1 227074
1 129157
1 143625
343 395415
1 131070
2 194940
1 20044
3 18199
2 223470
1 217830
2 49945
1 102286
1 129085
68 33557
335 112736
1 246381
253 55267
1 262783
3 183096
1 151911
2 70371
1 74270
1 96175
1 31010
7 420157
369 413327
10 84538
1 69345
10 129377
1 82128
1 58156
1 101500
1 111287
97 19587
1 58020
1 32091
1 61548
2 247300
1 18594
2 123699
339 338568
149780 94267
1 128802
265 169425
1 134392
74 120584
10 6954
6 27981
2 73362
2130 119561
1 71751
1 12048
2 103835
2 223335
1 45788
1 102453
9 48959
1 383052
3144 23916
5 128355
1 31495
1 158389
1 74331
4 147709
882957 432152
5 103990
3 587234
2 614080
339 67365
2 79763
2 165615
59235 207542
1 17053
352 18574
9 21572
365 9897
2 76595
1 84423
1 116733
1 384667
7 142003
1 240847
1 39687
3 62394
1 23197
1 156375
1 158195
1 13383
4 93001
1 105970
1 129967
353 226903
1 413193
1 33223
1 89041
1 221911
3 76547
5 38851
1 185900
1 184543
261 15777
2199 64966
966 15626
2 169452
3 16001
4 76169
8 280499
232 18186
1 195913
297551 306979
1 7673
1 23064
10 49094
1 43326
2 19301
2694 207383
215759 216913
35242 15585
266 106593
3 178365
1 10639
3 181380
1 371429
1 75477
10 9577
1 166672
1 174453
2 17455
395 94230
8 120185
1 41239
2 350551
6 41770
1 107226
287 72647
1 238398
6 14943
1 274992
1589 29116
3 81025
1 330427
1 274724
1 7521
1 4823
6 90569
1 17801
1 200730
1 4392
1 38418
2415 90461
42182 113591
1 112888
2 51147
681 261611
1 109499
1 219298
1 2983
2170 55947
1 118721
1 72094
4 159002
1174 93861
3 173348
2 23531
1 6249
2 125397
2 99406
12358 53224
3 51472
1658 104493
1 92754
2 38970
2 394837
270 62189
1 191614
1 10176
1 21810
35733 179170
1 481195
321 76566
1 224582
2064 52154
1 341472
1 33945
233 46094
2 32026
1 2985
5 144651
1 34154
1 33052
2780 162778
1 15246
3 162456
1 288341
9 24118
1502 1936
1 3320
6 96112
1 35125
3 11222
1 53279
2774 105235
1 73387
1 15336
2 148898
1 158516
2 3218
2 32720
2 58660
2565 7971
2 174621
1 13885
2 66452
1 23910
2281 64241
4 32361
1 371299
1 46730
2 71762
211 256823
59210 269004
510797 5118
2 69794
2 130224
2 43732
72 51765
2203 222633
4 190746
200 98580
310 10783
4 87901
46261 87496
3 76784
369 19181
7 1945
1 22658
1 303325
1 189100
1 137962
1 306493
96230 12238
2 220190
1 79971
3 299384
1 2075
31 14966
1 25495
1 127187
4 152530
9 65326
77617 259176
1 100609
93059 19230
1 49414
381 51917
3 3798
9 188469
1 56953
1 207166
1 9857
1 59165
1 93646
1 56334
1 63246
7 70339
1 384995
1 49034
2 73389
4 211494
1 131826
7 13424
1 8779
6 11023
2 40915
1 57861
1 38693
63502 81351
181 11972
3 37425
340 37194
2523 37676
1 125784
1 293515
2 46286
4 167291
376 13328
2 594683
1 90912
2 2596
4 59800
12773 93959
2643 4964
1 200136
2 112852
2 81710
153 40066
995048 7893
238 45369
2 448047
10 1601
1 83515
1 31358
6 34741
7 146750
3 556
2 35498
3 277431
91918 468264
193 27744
1 109030
10 373280
2 193606
3 41832
5 90205
1 156468
333 14955
2 14718
1 149895
6 93982
8 113439
1 69596
2 145629
1 28914
2 110830
2 221290
2 151927
4 19918
1 86829
2 172637
116 25421
1 14749
1 261820
2 112034
1 11734
1 214231
1 24076
3 9319
1 226036
3 46320
2 74715
1 284
1 85980
6 50417
2 178026
3 216847
1245 44602
2 279969
2 55582
1 316746
943 53975
1 235931
1 163904
1 76391
1600 111171
3 63533
1 205068
201 176406
58872 79780
1 16809
3 171271
1 222675
36432 233611
20 73205
3 221665
1 93544
1 5739
1 124017
2 65694
2 25434
1 9404
912 104337
472 4895
5 5735
3 51783
1 37457
66 31550
1 190745
10500 25880
1 150556
1 16999
1207 234550
1 36605
1 100523
116 52347
1 1342
1 14621
349 67933
4 129192
1 6138
1 153443
1 8783
3 27918
1 28234
2 59330
580112 46294
4 151424
385 64706
1 106767
77 963
1 125302
1049 266213
1 154394
1 223532
5 193569
2 7991
89199 418029
1 456580
1 129452
2941 20962
10 51184
2 256842
2 3280
1 15974
1 156187
1 231356
4 107367
1 107170
254 44309
1 84433
2 125735
1 275899
1 390580
1 202254
2 62097
1 65633
3 34857
1 33268
1 51160
3 31815
1 545878
6 99328
1 129207
1 5799
1 16054
10 66818
1 249129
4 45278
1 77152
1 104966
1 256658
1 153421
1 35256
1 663140
32107 4866
1 143448
320 49561
1 19388
2 189475
74031 110776
1 55070
2 137684
1 112656
3 401180
3 165895
10 3074
1 49868
55181 28994
1 27497
2 166491
1 27278
2 433731
2 9702
3 123992
3 15208
1 40763
1 199360
1 71770
4 147527
198 215211
2 81916
2 157649
36741 229454
1 28293
3 127737
1 92322
1 119219
1807 168602
2 112796
2 18947
1 256797
2 87115
4 36673
1 125079
1613 42926
56 8680
3 158879
1 121692
2 57413
5 129440
1 78014
1 230685
15 247899
2 39300
1 172874
1313 84520
1 152961
15 59198
3 129463
4 56816
3 186936
1 74440
1051 32890
3 102471
1 92184
2 29394
187 206103
1062 256433
1 74120
1 49253
1 24328
97391 90623
1 68744
91119 90689
2 122688
1 61358
209 190317
3 151310
175 1080710
1 261743
3 405242
39 33039
8 74572
6 88681
2 256004
1 550136
7 78566
2 9242
1 444856
4 6559
1 53572
91 58152
1 55216
54320 57711
1 116859
1 113564
3 14227
232 10680
1 36719
279 269087
1 119962
8 28703
1 100383
5 235781
1 15857
2 61225
541 43969
1 29496
7 38200
9 243194
286 46121
1 153772
1 27383
1 368611
1 228637
3 344
83 114511
1 42861
2237 135971
3 164970
2 71690
1 23588
5 161874
1 67818
1 36338
1 220730
1 26474
1 54352
1776 24446
19257 63186
1 76873
1 63341
2 134738
209 84380
1 16657
1 48840
1 634808
6 191206
1 15781
379 20882
1 247295
49 271930
7 102758
1 14879
9 154799
1 192271
1 37180
25994 182314
396 19583
3 73863
1 61938
1 191545
1 2223
84740 86214
7 7841
10 11061
1281 133225
343 308203
2 74052
124 25224
1 50825
1 31784
257 249846
2 63511
1 10610
1 150143
2 116720
2 38272
1 102949
4 36769
1 68532
1 203616
1 84980
1 38690
1 29244
1 513223
1 2886
8 31560
767 89447
5 56485
4 96495
2 26717
2 104712
1 138203
2 305751
1 50020
1 179342
1 98344
1 409861
1 52952
1 207154
3 54473
3 10849
4 23598
2 130370
1 267654
18132 20711
9 140406
1 601939
1 71813
3 25469
1 21283
2 56880
1 40028
1 8042
449254 77558
1 20177
3 131003
3 19791
9 38282
3 66094
1 11210
1079 7345
1 47568
2 34750
1 25667
6 172692
1 145102
1 6781
1 176941
