0.00021 0.00018 0.00100
0.00022 0.00026 0.00200
0.00023 0.00028 0.00300
0.00024 0.00028 0.00400
0.00024 0.00029 0.00500
0.00025 0.00029 0.00600
0.00026 0.00029 0.00700
0.00026 0.00030 0.00800
0.00026 0.00030 0.00900
0.00027 0.00030 0.01000
0.00027 0.00031 0.01100
0.00029 0.00031 0.01200
0.00029 0.00031 0.01300
0.00029 0.00031 0.01400
0.00030 0.00031 0.01500
0.00030 0.00032 0.01600
0.00030 0.00032 0.01700
0.00030 0.00032 0.01800
0.00030 0.00032 0.01900
0.00030 0.00032 0.02000
0.00030 0.00032 0.02100
0.00030 0.00032 0.02200
0.00030 0.00032 0.02300
0.00030 0.00033 0.02400
0.00030 0.00033 0.02500
0.00030 0.00033 0.02600
0.00030 0.00033 0.02700
0.00030 0.00033 0.02800
0.00030 0.00033 0.02900
0.00030 0.00034 0.03000
0.00031 0.00034 0.03100
0.00031 0.00034 0.03200
0.00031 0.00034 0.03300
0.00031 0.00034 0.03400
0.00031 0.00034 0.03500
0.00031 0.00034 0.03600
0.00032 0.00034 0.03700
0.00032 0.00034 0.03800
0.00033 0.00035 0.03900
0.00033 0.00035 0.04000
0.00033 0.00035 0.04100
0.00033 0.00035 0.04200
0.00034 0.00035 0.04300
0.00034 0.00035 0.04400
0.00034 0.00035 0.04500
0.00034 0.00035 0.04600
0.00034 0.00035 0.04700
0.00035 0.00035 0.04800
0.00035 0.00036 0.04900
0.00035 0.00036 0.05000
0.00035 0.00036 0.05100
0.00035 0.00036 0.05200
0.00035 0.00036 0.05300
0.00036 0.00036 0.05400
0.00036 0.00036 0.05500
0.00036 0.00036 0.05600
0.00036 0.00036 0.05700
0.00036 0.00036 0.05800
0.00036 0.00036 0.05900
0.00037 0.00036 0.06000
0.00037 0.00036 0.06100
0.00037 0.00036 0.06200
0.00037 0.00036 0.06300
0.00037 0.00037 0.06400
0.00037 0.00037 0.06500
0.00037 0.00037 0.06600
0.00038 0.00037 0.06700
0.00038 0.00037 0.06800
0.00038 0.00037 0.06900
0.00038 0.00037 0.07000
0.00038 0.00037 0.07100
0.00039 0.00037 0.07200
0.00039 0.00037 0.07300
0.00039 0.00037 0.07400
0.00039 0.00037 0.07500
0.00039 0.00037 0.07600
0.00039 0.00037 0.07700
0.00039 0.00037 0.07800
0.00039 0.00037 0.07900
0.00040 0.00037 0.08000
0.00040 0.00038 0.08100
0.00040 0.00038 0.08200
0.00040 0.00038 0.08300
0.00040 0.00038 0.08400
0.00040 0.00038 0.08500
0.00041 0.00038 0.08600
0.00041 0.00038 0.08700
0.00041 0.00038 0.08800
0.00041 0.00038 0.08900
0.00042 0.00038 0.09000
0.00042 0.00038 0.09100
0.00042 0.00038 0.09200
0.00042 0.00038 0.09300
0.00042 0.00038 0.09400
0.00042 0.00038 0.09500
0.00042 0.00038 0.09600
0.00042 0.00038 0.09700
0.00042 0.00038 0.09800
0.00042 0.00038 0.09900
0.00043 0.00038 0.10000
0.00043 0.00038 0.10100
0.00043 0.00038 0.10200
0.00043 0.00038 0.10300
0.00043 0.00039 0.10400
0.00043 0.00039 0.10500
0.00043 0.00039 0.10600
0.00043 0.00039 0.10700
0.00043 0.00039 0.10800
0.00043 0.00039 0.10900
0.00043 0.00039 0.11000
0.00043 0.00039 0.11100
0.00043 0.00039 0.11200
0.00044 0.00039 0.11300
0.00044 0.00039 0.11400
0.00044 0.00039 0.11500
0.00044 0.00039 0.11600
0.00044 0.00039 0.11700
0.00044 0.00039 0.11800
0.00044 0.00039 0.11900
0.00044 0.00039 0.12000
0.00044 0.00039 0.12100
0.00044 0.00040 0.12200
0.00044 0.00040 0.12300
0.00044 0.00040 0.12400
0.00045 0.00040 0.12500
0.00045 0.00040 0.12600
0.00045 0.00040 0.12700
0.00045 0.00040 0.12800
0.00045 0.00040 0.12900
0.00045 0.00040 0.13000
0.00045 0.00040 0.13100
0.00046 0.00040 0.13200
0.00046 0.00040 0.13300
0.00046 0.00041 0.13400
0.00046 0.00041 0.13500
0.00046 0.00041 0.13600
0.00046 0.00041 0.13700
0.00046 0.00041 0.13800
0.00046 0.00041 0.13900
0.00046 0.00041 0.14000
0.00046 0.00041 0.14100
0.00046 0.00041 0.14200
0.00046 0.00041 0.14300
0.00046 0.00041 0.14400
0.00046 0.00042 0.14500
0.00046 0.00042 0.14600
0.00047 0.00042 0.14700
0.00047 0.00042 0.14800
0.00047 0.00042 0.14900
0.00047 0.00042 0.15000
0.00047 0.00042 0.15100
0.00047 0.00042 0.15200
0.00047 0.00042 0.15300
0.00047 0.00042 0.15400
0.00047 0.00042 0.15500
0.00047 0.00043 0.15600
0.00047 0.00043 0.15700
0.00047 0.00043 0.15800
0.00047 0.00043 0.15900
0.00047 0.00043 0.16000
0.00047 0.00043 0.16100
0.00047 0.00043 0.16200
0.00047 0.00043 0.16300
0.00047 0.00043 0.16400
0.00047 0.00043 0.16500
0.00048 0.00043 0.16600
0.00048 0.00043 0.16700
0.00048 0.00043 0.16800
0.00048 0.00044 0.16900
0.00048 0.00044 0.17000
0.00048 0.00044 0.17100
0.00048 0.00044 0.17200
0.00048 0.00044 0.17300
0.00048 0.00044 0.17400
0.00048 0.00044 0.17500
0.00048 0.00044 0.17600
0.00048 0.00044 0.17700
0.00048 0.00044 0.17800
0.00048 0.00044 0.17900
0.00049 0.00044 0.18000
0.00049 0.00044 0.18100
0.00049 0.00044 0.18200
0.00049 0.00044 0.18300
0.00049 0.00044 0.18400
0.00049 0.00045 0.18500
0.00049 0.00045 0.18600
0.00049 0.00045 0.18700
0.00049 0.00045 0.18800
0.00049 0.00045 0.18900
0.00049 0.00045 0.19000
0.00049 0.00045 0.19100
0.00049 0.00045 0.19200
0.00049 0.00045 0.19300
0.00049 0.00045 0.19400
0.00049 0.00045 0.19500
0.00050 0.00045 0.19600
0.00050 0.00045 0.19700
0.00050 0.00045 0.19800
0.00050 0.00045 0.19900
0.00050 0.00045 0.20000
0.00050 0.00045 0.20100
0.00050 0.00045 0.20200
0.00050 0.00046 0.20300
0.00051 0.00046 0.20400
0.00051 0.00046 0.20500
0.00051 0.00046 0.20600
0.00051 0.00046 0.20700
0.00051 0.00046 0.20800
0.00051 0.00046 0.20900
0.00051 0.00046 0.21000
0.00051 0.00046 0.21100
0.00051 0.00046 0.21200
0.00051 0.00047 0.21300
0.00051 0.00047 0.21400
0.00051 0.00047 0.21500
0.00051 0.00047 0.21600
0.00051 0.00047 0.21700
0.00051 0.00047 0.21800
0.00051 0.00047 0.21900
0.00051 0.00047 0.22000
0.00051 0.00047 0.22100
0.00051 0.00047 0.22200
0.00052 0.00047 0.22300
0.00052 0.00047 0.22400
0.00052 0.00048 0.22500
0.00052 0.00048 0.22600
0.00052 0.00048 0.22700
0.00052 0.00048 0.22800
0.00052 0.00048 0.22900
0.00052 0.00048 0.23000
0.00052 0.00048 0.23100
0.00052 0.00048 0.23200
0.00053 0.00048 0.23300
0.00053 0.00049 0.23400
0.00053 0.00049 0.23500
0.00053 0.00049 0.23600
0.00053 0.00049 0.23700
0.00053 0.00049 0.23800
0.00053 0.00049 0.23900
0.00053 0.00049 0.24000
0.00053 0.00049 0.24100
0.00053 0.00049 0.24200
0.00054 0.00049 0.24300
0.00054 0.00049 0.24400
0.00054 0.00049 0.24500
0.00054 0.00049 0.24600
0.00054 0.00049 0.24700
0.00054 0.00049 0.24800
0.00054 0.00049 0.24900
0.00055 0.00049 0.25000
0.00055 0.00049 0.25100
0.00055 0.00049 0.25200
0.00055 0.00049 0.25300
0.00055 0.00049 0.25400
0.00055 0.00050 0.25500
0.00055 0.00050 0.25600
0.00055 0.00050 0.25700
0.00055 0.00050 0.25800
0.00055 0.00050 0.25900
0.00055 0.00050 0.26000
0.00055 0.00050 0.26100
0.00055 0.00050 0.26200
0.00055 0.00050 0.26300
0.00056 0.00051 0.26400
0.00056 0.00051 0.26500
0.00056 0.00051 0.26600
0.00056 0.00051 0.26700
0.00056 0.00051 0.26800
0.00056 0.00051 0.26900
0.00056 0.00051 0.27000
0.00056 0.00051 0.27100
0.00056 0.00051 0.27200
0.00056 0.00052 0.27300
0.00056 0.00052 0.27400
0.00056 0.00052 0.27500
0.00058 0.00052 0.27600
0.00058 0.00052 0.27700
0.00059 0.00052 0.27800
0.00059 0.00052 0.27900
0.00059 0.00052 0.28000
0.00060 0.00052 0.28100
0.00060 0.00052 0.28200
0.00060 0.00052 0.28300
0.00067 0.00052 0.28400
0.00081 0.00052 0.28500
0.00084 0.00052 0.28600
0.00087 0.00052 0.28700
0.00103 0.00052 0.28800
0.00117 0.00052 0.28900
0.00129 0.00052 0.29000
0.00138 0.00052 0.29100
0.00146 0.00052 0.29200
0.00159 0.00052 0.29300
0.00175 0.00052 0.29400
0.00193 0.00052 0.29500
0.00195 0.00052 0.29600
0.00195 0.00052 0.29700
0.00203 0.00053 0.29800
0.00203 0.00053 0.29900
0.00208 0.00053 0.30000
0.00224 0.00053 0.30100
0.00224 0.00053 0.30200
0.00234 0.00053 0.30300
0.00249 0.00053 0.30400
0.00257 0.00053 0.30500
0.00271 0.00053 0.30600
0.00278 0.00053 0.30700
0.00281 0.00053 0.30800
0.00293 0.00053 0.30900
0.00305 0.00053 0.31000
0.00311 0.00053 0.31100
0.00349 0.00053 0.31200
0.00373 0.00053 0.31300
0.00373 0.00053 0.31400
0.00413 0.00053 0.31500
0.00471 0.00053 0.31600
0.00547 0.00053 0.31700
0.00638 0.00053 0.31800
0.00799 0.00053 0.31900
0.00980 0.00053 0.32000
0.00987 0.00053 0.32100
0.01015 0.00053 0.32200
0.01298 0.00053 0.32300
0.01645 0.00054 0.32400
0.01722 0.00054 0.32500
0.01920 0.00054 0.32600
0.01995 0.00054 0.32700
0.02014 0.00054 0.32800
0.02053 0.00054 0.32900
0.02170 0.00054 0.33000
0.02215 0.00054 0.33100
0.02218 0.00054 0.33200
0.02550 0.00054 0.33300
0.02624 0.00054 0.33400
0.02629 0.00054 0.33500
0.02650 0.00054 0.33600
0.03158 0.00054 0.33700
0.03507 0.00054 0.33800
0.07499 0.00054 0.33900
0.08313 0.00055 0.34000
0.08643 0.00055 0.34100
0.09269 0.00055 0.34200
0.10548 0.00055 0.34300
0.12649 0.00055 0.34400
0.12701 0.00055 0.34500
0.13083 0.00055 0.34600
0.13544 0.00055 0.34700
0.14026 0.00055 0.34800
0.14193 0.00055 0.34900
0.15268 0.00055 0.35000
0.16432 0.00055 0.35100
0.16670 0.00055 0.35200
0.17179 0.00055 0.35300
0.17187 0.00055 0.35400
0.20582 0.00055 0.35500
0.20663 0.00055 0.35600
0.20724 0.00055 0.35700
0.23688 0.00055 0.35800
0.23688 0.00055 0.35900
0.25509 0.00055 0.36000
0.26049 0.00055 0.36100
0.26455 0.00055 0.36200
0.26524 0.00055 0.36300
0.26967 0.00055 0.36400
0.28688 0.00055 0.36500
0.30133 0.00055 0.36600
0.30940 0.00055 0.36700
0.31871 0.00056 0.36800
0.32708 0.00056 0.36900
0.35922 0.00056 0.37000
0.36055 0.00056 0.37100
0.36191 0.00056 0.37200
0.36203 0.00056 0.37300
0.37169 0.00056 0.37400
0.39534 0.00056 0.37500
0.39687 0.00056 0.37600
0.40068 0.00056 0.37700
0.41369 0.00056 0.37800
0.41391 0.00056 0.37900
0.42251 0.00056 0.38000
0.42640 0.00056 0.38100
0.43008 0.00056 0.38200
0.46362 0.00056 0.38300
0.47668 0.00056 0.38400
0.47850 0.00056 0.38500
0.48045 0.00056 0.38600
0.48681 0.00056 0.38700
0.48778 0.00056 0.38800
0.49423 0.00056 0.38900
0.50948 0.00056 0.39000
0.51112 0.00056 0.39100
0.53733 0.00056 0.39200
0.54413 0.00056 0.39300
0.54628 0.00056 0.39400
0.55594 0.00056 0.39500
0.56623 0.00056 0.39600
0.58754 0.00056 0.39700
0.60692 0.00056 0.39800
0.61809 0.00056 0.39900
0.62282 0.00057 0.40000
0.62819 0.00057 0.40100
0.63413 0.00057 0.40200
0.68348 0.00057 0.40300
0.68391 0.00057 0.40400
0.70010 0.00057 0.40500
0.70094 0.00057 0.40600
0.73979 0.00057 0.40700
0.77064 0.00057 0.40800
0.77824 0.00057 0.40900
0.82026 0.00057 0.41000
0.82127 0.00057 0.41100
0.83973 0.00057 0.41200
0.84013 0.00057 0.41300
0.85403 0.00057 0.41400
0.86134 0.00057 0.41500
0.87845 0.00057 0.41600
0.91049 0.00057 0.41700
0.91309 0.00058 0.41800
0.94204 0.00058 0.41900
0.95343 0.00058 0.42000
0.96359 0.00058 0.42100
0.97055 0.00058 0.42200
0.98452 0.00058 0.42300
0.98933 0.00058 0.42400
1.01726 0.00058 0.42500
1.08974 0.00058 0.42600
1.10376 0.00058 0.42700
1.12210 0.00058 0.42800
1.13273 0.00058 0.42900
1.13762 0.00058 0.43000
1.18986 0.00058 0.43100
1.25185 0.00058 0.43200
1.25680 0.00058 0.43300
1.26388 0.00058 0.43400
1.26542 0.00058 0.43500
1.29406 0.00059 0.43600
1.37315 0.00059 0.43700
1.38448 0.00059 0.43800
1.39279 0.00059 0.43900
1.39439 0.00059 0.44000
1.42736 0.00059 0.44100
1.43352 0.00059 0.44200
1.46985 0.00060 0.44300
1.47992 0.00060 0.44400
1.48260 0.00060 0.44500
1.49497 0.00060 0.44600
1.55961 0.00060 0.44700
1.56976 0.00060 0.44800
1.57756 0.00060 0.44900
1.57914 0.00060 0.45000
1.58073 0.00060 0.45100
1.59461 0.00060 0.45200
1.59568 0.00060 0.45300
1.60615 0.00061 0.45400
1.62237 0.00061 0.45500
1.65304 0.00061 0.45600
1.65723 0.00061 0.45700
1.67012 0.00061 0.45800
1.67027 0.00061 0.45900
1.68043 0.00061 0.46000
1.68957 0.00061 0.46100
1.69503 0.00061 0.46200
1.70645 0.00061 0.46300
1.72025 0.00061 0.46400
1.75816 0.00061 0.46500
1.76267 0.00061 0.46600
1.77602 0.00061 0.46700
1.78145 0.00061 0.46800
1.78249 0.00061 0.46900
1.79282 0.00061 0.47000
1.79544 0.00061 0.47100
1.84287 0.00062 0.47200
1.90897 0.00062 0.47300
1.91450 0.00062 0.47400
1.94071 0.00062 0.47500
1.95964 0.00062 0.47600
1.97498 0.00062 0.47700
2.00195 0.00062 0.47800
2.00417 0.00062 0.47900
2.02071 0.00062 0.48000
2.02829 0.00062 0.48100
2.04100 0.00063 0.48200
2.04190 0.00063 0.48300
2.05276 0.00063 0.48400
2.06307 0.00063 0.48500
2.13819 0.00063 0.48600
2.15029 0.00063 0.48700
2.16424 0.00063 0.48800
2.18749 0.00063 0.48900
2.22179 0.00063 0.49000
2.23881 0.00063 0.49100
2.25354 0.00063 0.49200
2.26367 0.00064 0.49300
2.26395 0.00064 0.49400
2.28009 0.00064 0.49500
2.28193 0.00064 0.49600
2.30432 0.00064 0.49700
2.32437 0.00064 0.49800
2.33559 0.00064 0.49900
2.34561 0.00064 0.50000
2.35567 0.00064 0.50100
2.36224 0.00064 0.50200
2.42435 0.00064 0.50300
2.43108 0.00064 0.50400
2.43272 0.00064 0.50500
2.46972 0.00065 0.50600
2.48106 0.00065 0.50700
2.55951 0.00065 0.50800
2.56204 0.00065 0.50900
2.59580 0.00065 0.51000
2.60421 0.00065 0.51100
2.61982 0.00065 0.51200
2.62214 0.00066 0.51300
2.62500 0.00066 0.51400
2.63459 0.00066 0.51500
2.64525 0.00066 0.51600
2.67040 0.00066 0.51700
2.67065 0.00066 0.51800
2.68809 0.00066 0.51900
2.75786 0.00066 0.52000
2.76910 0.00066 0.52100
2.77040 0.00066 0.52200
2.79111 0.00066 0.52300
2.80913 0.00066 0.52400
2.81051 0.00067 0.52500
2.81738 0.00067 0.52600
2.82203 0.00067 0.52700
2.83261 0.00067 0.52800
2.83444 0.00067 0.52900
2.84779 0.00067 0.53000
2.87462 0.00067 0.53100
2.88510 0.00067 0.53200
2.92618 0.00068 0.53300
2.93314 0.00068 0.53400
2.93685 0.00068 0.53500
2.95038 0.00068 0.53600
2.96598 0.00068 0.53700
2.97645 0.00068 0.53800
2.98009 0.00068 0.53900
2.98255 0.00068 0.54000
3.01063 0.00068 0.54100
3.01819 0.00068 0.54200
3.02692 0.00068 0.54300
3.02699 0.00068 0.54400
3.04437 0.00068 0.54500
3.05503 0.00068 0.54600
3.05851 0.00069 0.54700
3.06034 0.00069 0.54800
3.07469 0.00069 0.54900
3.10833 0.00069 0.55000
3.10979 0.00069 0.55100
3.11041 0.00069 0.55200
3.12962 0.00069 0.55300
3.16012 0.00069 0.55400
3.16228 0.00070 0.55500
3.21897 0.00070 0.55600
3.24426 0.00070 0.55700
3.27648 0.00070 0.55800
3.30890 0.00070 0.55900
3.31020 0.00070 0.56000
3.32048 0.00070 0.56100
3.33912 0.00070 0.56200
3.38405 0.00070 0.56300
3.40520 0.00071 0.56400
3.42095 0.00071 0.56500
3.42431 0.00071 0.56600
3.50403 0.00071 0.56700
3.51270 0.00071 0.56800
3.53408 0.00071 0.56900
3.55785 0.00071 0.57000
3.57067 0.00071 0.57100
3.57118 0.00072 0.57200
3.57121 0.00072 0.57300
3.57449 0.00072 0.57400
3.60198 0.00072 0.57500
3.64335 0.00072 0.57600
3.66968 0.00072 0.57700
3.67166 0.00073 0.57800
3.69036 0.00073 0.57900
3.70886 0.00073 0.58000
3.71751 0.00073 0.58100
3.75627 0.00073 0.58200
3.78174 0.00073 0.58300
3.78259 0.00073 0.58400
3.78892 0.00074 0.58500
3.81216 0.00074 0.58600
3.81723 0.00074 0.58700
3.81758 0.00074 0.58800
3.84939 0.00074 0.58900
3.86361 0.00074 0.59000
3.86835 0.00074 0.59100
3.86942 0.00074 0.59200
3.90386 0.00074 0.59300
3.96112 0.00074 0.59400
3.96120 0.00075 0.59500
3.98818 0.00075 0.59600
3.99264 0.00075 0.59700
3.99273 0.00075 0.59800
4.00151 0.00075 0.59900
4.00203 0.00075 0.60000
4.00260 0.00075 0.60100
4.01639 0.00075 0.60200
4.05366 0.00075 0.60300
4.08450 0.00075 0.60400
4.08799 0.00075 0.60500
4.08826 0.00076 0.60600
4.09903 0.00076 0.60700
4.11770 0.00076 0.60800
4.12262 0.00076 0.60900
4.12599 0.00076 0.61000
4.13529 0.00076 0.61100
4.14397 0.00076 0.61200
4.15427 0.00076 0.61300
4.15878 0.00076 0.61400
4.15931 0.00076 0.61500
4.20363 0.00077 0.61600
4.20561 0.00077 0.61700
4.21938 0.00077 0.61800
4.24425 0.00077 0.61900
4.26024 0.00077 0.62000
4.26262 0.00077 0.62100
4.27442 0.00077 0.62200
4.27612 0.00077 0.62300
4.28648 0.00077 0.62400
4.31168 0.00078 0.62500
4.32000 0.00078 0.62600
4.33699 0.00078 0.62700
4.33742 0.00078 0.62800
4.37942 0.00078 0.62900
4.39297 0.00078 0.63000
4.40254 0.00078 0.63100
4.40491 0.00078 0.63200
4.45608 0.00079 0.63300
4.46234 0.00079 0.63400
4.47178 0.00079 0.63500
4.54127 0.00079 0.63600
4.58353 0.00079 0.63700
4.59251 0.00079 0.63800
4.61299 0.00079 0.63900
4.61345 0.00080 0.64000
4.61615 0.00080 0.64100
4.65506 0.00080 0.64200
4.65619 0.00080 0.64300
4.65827 0.00080 0.64400
4.66341 0.00080 0.64500
4.67345 0.00080 0.64600
4.71475 0.00080 0.64700
4.74211 0.00080 0.64800
4.78305 0.00080 0.64900
4.79195 0.00080 0.65000
4.80652 0.00080 0.65100
4.82251 0.00081 0.65200
4.82919 0.00081 0.65300
4.83438 0.00081 0.65400
4.83811 0.00081 0.65500
4.84139 0.00081 0.65600
4.90093 0.00081 0.65700
4.92349 0.00081 0.65800
4.93792 0.00081 0.65900
4.99973 0.00081 0.66000
5.01456 0.00081 0.66100
5.05675 0.00081 0.66200
5.07125 0.00081 0.66300
5.07486 0.00081 0.66400
5.09364 0.00081 0.66500
5.09940 0.00082 0.66600
5.09985 0.00082 0.66700
5.11695 0.00082 0.66800
5.12605 0.00082 0.66900
5.13690 0.00082 0.67000
5.13831 0.00082 0.67100
5.14370 0.00083 0.67200
5.14482 0.00083 0.67300
5.14599 0.00083 0.67400
5.23255 0.00083 0.67500
5.23670 0.00083 0.67600
5.26621 0.00083 0.67700
5.29982 0.00083 0.67800
5.31332 0.00083 0.67900
5.35353 0.00084 0.68000
5.36642 0.00084 0.68100
5.39120 0.00084 0.68200
5.41866 0.00084 0.68300
5.44847 0.00084 0.68400
5.46215 0.00084 0.68500
5.47360 0.00085 0.68600
5.48837 0.00085 0.68700
5.48989 0.00085 0.68800
5.50904 0.00085 0.68900
5.52029 0.00085 0.69000
5.55444 0.00086 0.69100
5.58859 0.00086 0.69200
5.59544 0.00086 0.69300
5.61745 0.00086 0.69400
5.63549 0.00086 0.69500
5.66395 0.00086 0.69600
5.70694 0.00086 0.69700
5.71692 0.00087 0.69800
5.73955 0.00087 0.69900
5.76845 0.00087 0.70000
5.79834 0.00087 0.70100
5.79834 0.00087 0.70200
5.82857 0.00087 0.70300
5.84714 0.00087 0.70400
5.86838 0.00087 0.70500
5.91023 0.00088 0.70600
5.93015 0.00088 0.70700
5.93596 0.00088 0.70800
5.93985 0.00088 0.70900
5.94321 0.00088 0.71000
5.95016 0.00088 0.71100
5.97041 0.00088 0.71200
5.99342 0.00088 0.71300
6.01918 0.00088 0.71400
6.03986 0.00088 0.71500
6.05982 0.00089 0.71600
6.08188 0.00089 0.71700
6.09974 0.00089 0.71800
6.10324 0.00089 0.71900
6.10742 0.00089 0.72000
6.11484 0.00089 0.72100
6.11700 0.00089 0.72200
6.12098 0.00089 0.72300
6.14715 0.00089 0.72400
6.15733 0.00089 0.72500
6.17623 0.00089 0.72600
6.20281 0.00090 0.72700
6.22484 0.00090 0.72800
6.22948 0.00090 0.72900
6.23773 0.00091 0.73000
6.23966 0.00091 0.73100
6.24452 0.00091 0.73200
6.26070 0.00091 0.73300
6.27692 0.00091 0.73400
6.27858 0.00091 0.73500
6.28468 0.00091 0.73600
6.28850 0.00091 0.73700
6.30399 0.00091 0.73800
6.30516 0.00091 0.73900
6.31062 0.00091 0.74000
6.31482 0.00092 0.74100
6.32974 0.00093 0.74200
6.34521 0.00093 0.74300
6.34851 0.00093 0.74400
6.38670 0.00093 0.74500
6.39364 0.00093 0.74600
6.39479 0.00093 0.74700
6.39536 0.00093 0.74800
6.39699 0.00094 0.74900
6.40714 0.00094 0.75000
6.41032 0.00094 0.75100
6.41620 0.00094 0.75200
6.45099 0.00094 0.75300
6.45393 0.00094 0.75400
6.46359 0.00094 0.75500
6.47006 0.00094 0.75600
6.47225 0.00094 0.75700
6.49230 0.00095 0.75800
6.50131 0.00095 0.75900
6.50725 0.00095 0.76000
6.52398 0.00095 0.76100
6.53224 0.00095 0.76200
6.56624 0.00095 0.76300
6.57722 0.00096 0.76400
6.57965 0.00096 0.76500
6.58319 0.00096 0.76600
6.59191 0.00096 0.76700
6.59781 0.00096 0.76800
6.60527 0.00096 0.76900
6.60946 0.00097 0.77000
6.62404 0.00097 0.77100
6.70136 0.00098 0.77200
6.70365 0.00098 0.77300
6.70455 0.00099 0.77400
6.72460 0.00100 0.77500
6.72867 0.00101 0.77600
6.73136 0.00102 0.77700
6.74432 0.00102 0.77800
6.74470 0.00103 0.77900
6.77594 0.00103 0.78000
6.78565 0.00103 0.78100
6.83255 0.00104 0.78200
6.84273 0.00104 0.78300
6.84404 0.00105 0.78400
6.85098 0.00105 0.78500
6.87044 0.00106 0.78600
6.88876 0.00106 0.78700
6.96099 0.00107 0.78800
6.97726 0.00109 0.78900
6.99578 0.00116 0.79000
7.00121 0.00117 0.79100
7.01416 0.00119 0.79200
7.02396 0.00121 0.79300
7.02715 0.00124 0.79400
7.02972 0.00124 0.79500
7.03419 0.00131 0.79600
7.04439 0.00142 0.79700
7.04745 0.00165 0.79800
7.08429 0.00167 0.79900
7.11644 0.00174 0.80000
7.12424 0.00182 0.80100
7.16145 0.00193 0.80200
7.20135 0.00193 0.80300
7.22321 0.00197 0.80400
7.25003 0.00200 0.80500
7.26097 0.00201 0.80600
7.35687 0.00203 0.80700
7.35848 0.00210 0.80800
7.36358 0.00212 0.80900
7.36390 0.00223 0.81000
7.42157 0.00224 0.81100
7.43717 0.00232 0.81200
7.46501 0.00236 0.81300
7.46819 0.00236 0.81400
7.47320 0.00255 0.81500
7.48033 0.00259 0.81600
7.50525 0.00263 0.81700
7.55018 0.00265 0.81800
7.57173 0.00273 0.81900
7.57348 0.00274 0.82000
7.59445 0.00275 0.82100
7.60979 0.00280 0.82200
7.65075 0.00281 0.82300
7.65326 0.00283 0.82400
7.65975 0.00283 0.82500
7.68118 0.00284 0.82600
7.69228 0.00284 0.82700
7.73949 0.00285 0.82800
7.75976 0.00290 0.82900
7.76604 0.00292 0.83000
7.77471 0.00300 0.83100
7.78211 0.00326 0.83200
7.79718 0.00339 0.83300
7.82911 0.00340 0.83400
7.83020 0.00342 0.83500
7.86351 0.00348 0.83600
7.86854 0.00369 0.83700
7.88753 0.00376 0.83800
7.92720 0.00376 0.83900
8.05754 0.00382 0.84000
8.07575 0.00386 0.84100
8.13548 0.00391 0.84200
8.19221 0.00393 0.84300
8.20642 0.00398 0.84400
8.21252 0.00413 0.84500
8.22634 0.00428 0.84600
8.31902 0.00445 0.84700
8.34269 0.00455 0.84800
8.35860 0.00468 0.84900
8.36299 0.00485 0.85000
8.40547 0.00487 0.85100
8.45035 0.00492 0.85200
8.45602 0.00495 0.85300
8.46092 0.00499 0.85400
8.48220 0.00499 0.85500
8.51489 0.00512 0.85600
8.53606 0.00531 0.85700
8.57179 0.00534 0.85800
8.63121 0.00535 0.85900
8.64838 0.00537 0.86000
8.71014 0.00545 0.86100
8.71788 0.00545 0.86200
8.83506 0.00550 0.86300
8.84653 0.00564 0.86400
8.89355 0.00579 0.86500
8.90532 0.00622 0.86600
8.91641 0.00632 0.86700
8.92493 0.00641 0.86800
8.95205 0.00666 0.86900
8.98269 0.00677 0.87000
8.98736 0.00700 0.87100
8.98781 0.00714 0.87200
9.00628 0.00718 0.87300
9.04911 0.00739 0.87400
9.09413 0.00754 0.87500
9.09508 0.00758 0.87600
9.09951 0.00765 0.87700
9.10496 0.00813 0.87800
9.15182 0.00930 0.87900
9.17969 0.00939 0.88000
9.22335 0.00953 0.88100
9.22917 0.00983 0.88200
9.24581 0.00990 0.88300
9.27398 0.01001 0.88400
9.29143 0.01018 0.88500
9.31740 0.01106 0.88600
9.32829 0.01132 0.88700
9.53792 0.01219 0.88800
9.57106 0.01300 0.88900
9.59322 0.01315 0.89000
9.63865 0.01813 0.89100
9.63994 0.01943 0.89200
9.64294 0.01966 0.89300
9.71158 0.01998 0.89400
9.73148 0.02104 0.89500
9.74831 0.02162 0.89600
9.78347 0.02223 0.89700
9.83208 0.02244 0.89800
9.84590 0.02573 0.89900
9.85099 0.02627 0.90000
9.85251 0.02638 0.90100
9.86981 0.02638 0.90200
9.95116 0.02905 0.90300
9.99564 0.02952 0.90400
10.15643 0.02968 0.90500
10.15795 0.02984 0.90600
10.19361 0.03272 0.90700
10.22196 0.03279 0.90800
10.28936 0.03424 0.90900
10.32111 0.03966 0.91000
10.33239 0.04372 0.91100
10.34515 0.05036 0.91200
10.38686 0.06265 0.91300
10.39153 0.06409 0.91400
10.40163 0.07562 0.91500
10.41783 0.07975 0.91600
10.52692 0.12235 0.91700
10.53218 0.13158 0.91800
10.58755 0.13539 0.91900
10.69655 0.16680 0.92000
10.73280 0.20715 0.92100
10.73496 0.21582 0.92200
10.76673 0.23467 0.92300
10.80465 0.23672 0.92400
10.81948 0.25502 0.92500
10.86891 0.26958 0.92600
10.90081 0.27374 0.92700
10.93547 0.28308 0.92800
10.97926 0.35909 0.92900
11.00043 0.36805 0.93000
11.02132 0.47859 0.93100
11.02661 0.52190 0.93200
11.03153 0.54383 0.93300
11.26597 0.59569 0.93400
11.32269 0.62308 0.93500
11.41952 0.62349 0.93600
11.47386 0.62619 0.93700
11.47589 0.71898 0.93800
11.50028 0.76909 0.93900
11.50324 0.78984 0.94000
11.53892 0.79198 0.94100
11.66395 0.82114 0.94200
11.83053 0.84325 0.94300
11.84652 0.85861 0.94400
11.86752 0.86190 0.94500
11.94941 0.88098 0.94600
11.99882 0.88623 0.94700
12.04833 0.95742 0.94800
12.17318 1.00143 0.94900
12.22956 1.02689 0.95000
12.23568 1.10693 0.95100
12.29943 1.20115 0.95200
12.31171 1.28986 0.95300
12.32391 1.33330 0.95400
12.33522 1.37620 0.95500
12.34267 1.38108 0.95600
12.41450 1.40725 0.95700
12.42772 1.50739 0.95800
12.44188 1.52613 0.95900
12.50765 1.54487 0.96000
12.52737 1.57790 0.96100
12.56678 1.81698 0.96200
12.62393 1.85608 0.96300
12.66236 1.90253 0.96400
12.66486 1.90519 0.96500
12.79887 2.01824 0.96600
12.88156 2.07553 0.96700
12.97523 2.20392 0.96800
13.05153 2.46341 0.96900
13.10767 2.46423 0.97000
13.19073 2.59698 0.97100
13.24154 2.64414 0.97200
13.24544 2.67587 0.97300
13.32903 2.72654 0.97400
13.44848 3.05816 0.97500
13.49588 3.09277 0.97600
13.66760 3.97141 0.97700
13.74627 4.27954 0.97800
13.76127 5.48584 0.97900
13.80107 5.90915 0.98000
13.93788 6.42283 0.98100
13.97148 7.36738 0.98200
13.97583 7.68869 0.98300
14.05409 7.87390 0.98400
14.05737 8.55905 0.98500
14.06367 8.97182 0.98600
14.08929 9.20379 0.98700
14.13544 9.20410 0.98800
14.14409 9.82967 0.98900
14.16122 11.68800 0.99000
14.29699 11.96313 0.99100
14.36541 12.34563 0.99200
14.43687 12.51734 0.99300
14.43850 12.90015 0.99400
14.54329 13.01512 0.99500
14.54888 14.84016 0.99600
14.55183 16.58512 0.99700
14.70475 17.41745 0.99800
14.82676 19.94107 0.99900
14.98432 22.84741 1.00000
