start:1529646329906423 end:1529646470709144
945 523 1529646330279387 1529646330279505 1529646330279910 0 18
6891 302 1529646330317125 1529646330317206 1529646330317427 0 249
977 490 1529646330381458 1529646330381475 1529646330381948 0 16
210 480 1529646330382816 1529646330382835 1529646330383296 0 3
945 455 1529646330561952 1529646330562034 1529646330562407 0 20
1017 417 1529646330697887 1529646330697966 1529646330698304 0 24
960 547 1529646330773487 1529646330773568 1529646330774034 0 16
1122 481 1529646330790559 1529646330790640 1529646330791040 0 22
210 416 1529646330808329 1529646330808409 1529646330808745 0 5
277 437 1529646330860383 1529646330860457 1529646330860820 0 6
2185175 20142 1529646331390098 1529646331390177 1529646331410240 0 871
206 295 1529646331545794 1529646331545898 1529646331546089 0 8
210 476 1529646331614538 1529646331614618 1529646331615014 0 4
273952 2778 1529646331621083 1529646331621162 1529646331623861 0 812
2203 374 1529646331731530 1529646331731614 1529646331731904 0 60
905 556 1529646331811810 1529646331811889 1529646331812366 0 15
2243 328 1529646331834572 1529646331834650 1529646331834900 0 71
2119 304 1529646332096383 1529646332096462 1529646332096687 0 75
214 474 1529646332110599 1529646332110678 1529646332111073 0 4
569 497 1529646332160732 1529646332160811 1529646332161229 0 10
891 519 1529646332470522 1529646332470595 1529646332471041 0 15
261349 2806 1529646332540603 1529646332540682 1529646332543409 0 766
180 549 1529646332814568 1529646332814647 1529646332815117 0 3
80772 1290 1529646332896525 1529646332896604 1529646332897815 0 533
61988303 546280 1529646332919760 1529646332919833 1529646333466040 0 907
701580 6382 1529646333481552 1529646333481656 1529646333487934 0 894
66690556 587537 1529646333535774 1529646333535878 1529646334123311 0 908
631 537328 1529646333586260 1529646334123395 1529646334123588 0 26
74108 413911 1529646333710539 1529646334123668 1529646334124450 0 758
271285824 2670653 1529646333842983 1529646334124533 1529646336513636 0 908
720 2304320 1529646334209683 1529646336513716 1529646336514003 0 20
586 2253536 1529646334260801 1529646336514092 1529646336514337 0 19
180 2221794 1529646334292827 1529646336514414 1529646336514621 0 6
560 2041901 1529646334473029 1529646336514713 1529646336514930 0 20
2672 2041001 1529646334474189 1529646336515016 1529646336515190 0 122
470 1781451 1529646334734058 1529646336515278 1529646336515509 0 16
2151883 1653043 1529646334881708 1529646336515600 1529646336534751 0 898
215727 1595681 1529646334941174 1529646336534832 1529646336536855 0 853
180 1482597 1529646335054588 1529646336536958 1529646336537185 0 6
1134 1479919 1529646335057654 1529646336537273 1529646336537573 0 30
195 1433520 1529646335104456 1529646336537633 1529646336537976 0 4
1533 1394388 1529646335143796 1529646336538026 1529646336538184 0 77
877527 1122101 1529646335424005 1529646336538234 1529646336546106 0 891
963 984524 1529646335561949 1529646336546183 1529646336546473 0 26
2149 953430 1529646335593262 1529646336546521 1529646336546692 0 100
441 910489 1529646335636547 1529646336546743 1529646336547036 0 12
1391 778237 1529646335769067 1529646336547086 1529646336547304 0 51
180 683914 1529646335863747 1529646336547345 1529646336547661 0 4
57554994 913085 1529646336141603 1529646336547711 1529646337054688 0 908
206 861343 1529646336193729 1529646337054767 1529646337055072 0 5
213 362027 1529646336693353 1529646337055155 1529646337055380 0 7
4847 127013 1529646336928663 1529646337055460 1529646337055676 0 179
2765 299 1529646337199118 1529646337199204 1529646337199417 0 103
440 440 1529646337353445 1529646337353524 1529646337353885 0 9
180 506 1529646337506120 1529646337506199 1529646337506626 0 3
1894 304 1529646337855264 1529646337855339 1529646337855568 0 66
202 502 1529646337892147 1529646337892226 1529646337892649 0 3
40737560 359223 1529646338032337 1529646338032416 1529646338391560 0 907
287 269675 1529646338122143 1529646338391632 1529646338391818 0 12
534 255092 1529646338137055 1529646338391909 1529646338392147 0 17
4081 236881 1529646338155666 1529646338392229 1529646338392547 0 102
5092 207239 1529646338185621 1529646338392630 1529646338392860 0 177
1408 135439 1529646338257827 1529646338392965 1529646338393266 0 37
9084 465 1529646338508298 1529646338508378 1529646338508763 0 188
1034 459 1529646338549287 1529646338549366 1529646338549746 0 21
755 481 1529646339142780 1529646339142859 1529646339143261 0 15
1081 509 1529646339248599 1529646339248678 1529646339249108 0 20
2153315 19204 1529646339494658 1529646339494737 1529646339513862 0 900
9123 468 1529646339622345 1529646339622425 1529646339622813 0 188
454269518 4001511 1529646339671012 1529646339671090 1529646343672523 0 908
2884640 4002034 1529646339696153 1529646343672610 1529646343698187 0 902
58085424 4402543 1529646339807328 1529646343698271 1529646344209871 0 908
708 4337423 1529646339872813 1529646344209954 1529646344210236 0 20
244 4205613 1529646340004992 1529646344210313 1529646344210605 0 6
1086 3868346 1529646340342621 1529646344210682 1529646344210967 0 30
643 3601985 1529646340609311 1529646344211055 1529646344211296 0 21
706 3574491 1529646340637137 1529646344211379 1529646344211628 0 22
585 3512705 1529646340699214 1529646344211691 1529646344211919 0 20
1575045 3504030 1529646340721959 1529646344212019 1529646344225989 0 901
1854 3384048 1529646340842132 1529646344226038 1529646344226180 0 104
238728 3162278 1529646341066125 1529646344226208 1529646344228403 0 870
180 3110413 1529646341118227 1529646344228453 1529646344228640 0 7
5017 3010625 1529646341218324 1529646344228730 1529646344228949 0 183
308353 2770400 1529646341461472 1529646344229024 1529646344231872 0 866
860233 2595802 1529646341643970 1529646344231957 1529646344239772 0 880
870080710 9783466 1529646342120588 1529646344239851 1529646351904054 0 347
189 9638645 1529646342265667 1529646351904124 1529646351904312 0 8
1304 9537921 1529646342366662 1529646351904389 1529646351904583 0 53
304035 8987363 1529646342920220 1529646351904658 1529646351907583 0 831
1317 8835059 1529646343072836 1529646351907615 1529646351907895 0 37
650687097 14551827 1529646343086825 1529646351907972 1529646357638652 0 158
1699 14543286 1529646343095655 1529646357638733 1529646357638941 0 65
9190 14438503 1529646343200811 1529646357639029 1529646357639314 0 257
53466 14365407 1529646343274642 1529646357639391 1529646357640049 0 650
1027 14144085 1529646343496265 1529646357640124 1529646357640350 0 36
1285 14135436 1529646343505319 1529646357640425 1529646357640755 0 31
1950356 14057370 1529646343600781 1529646357640832 1529646357658151 0 900
193 13975827 1529646343682613 1529646357658231 1529646357658440 0 7
905 13937881 1529646343720859 1529646357658515 1529646357658740 0 32
347 13761270 1529646343897757 1529646357658816 1529646357659027 0 13
3145 13746269 1529646343913047 1529646357659123 1529646357659316 0 130
8652 13667600 1529646343992066 1529646357659399 1529646357659666 0 259
203 13495876 1529646344164151 1529646357659728 1529646357660027 0 5
2181 13448479 1529646344211830 1529646357660121 1529646357660309 0 92
1239 13107665 1529646344553004 1529646357660390 1529646357660669 0 35
515 12975229 1529646344685658 1529646357660678 1529646357660887 0 19
180 12881559 1529646344779646 1529646357660950 1529646357661205 0 5
801 12664864 1529646344996719 1529646357661254 1529646357661583 0 19
3805 12414504 1529646345247353 1529646357661631 1529646357661857 0 134
1061 12342675 1529646345319453 1529646357661909 1529646357662128 0 38
1071 12299433 1529646345363034 1529646357662176 1529646357662467 0 29
3277 12235677 1529646345427006 1529646357662515 1529646357662683 0 156
747 11503243 1529646346159699 1529646357662736 1529646357662942 0 29
195 11419518 1529646346243784 1529646357662993 1529646357663302 0 5
1617 11031529 1529646346632042 1529646357663350 1529646357663571 0 58
3056929 11000427 1529646346690223 1529646357663625 1529646357690650 0 904
42236 10979263 1529646346711969 1529646357690721 1529646357691232 0 661
3007 10935467 1529646346756075 1529646357691305 1529646357691542 0 101
695 10868906 1529646346823009 1529646357691596 1529646357691915 0 17
490 10766727 1529646346925560 1529646357691963 1529646357692287 0 12
192547 10391533 1529646347302710 1529646357692336 1529646357694243 0 807
1837 10386863 1529646347307572 1529646357694291 1529646357694435 0 102
180 10321109 1529646347373559 1529646357694466 1529646357694668 0 7
29828 10193608 1529646347501525 1529646357694714 1529646357695133 0 569
25007461 10401627 1529646347514033 1529646357695198 1529646357915660 0 907
8389 10289363 1529646347626574 1529646357915726 1529646357915937 0 318
6245 9869814 1529646348046481 1529646357916022 1529646357916295 0 183
186 9328286 1529646348588375 1529646357916368 1529646357916661 0 5
355660 9245812 1529646348674230 1529646357916751 1529646357920042 0 864
204 9229169 1529646348691170 1529646357920123 1529646357920339 0 7
497 9223353 1529646348697290 1529646357920435 1529646357920643 0 19
602 9099510 1529646348821462 1529646357920739 1529646357920972 0 20
190 8952052 1529646348969206 1529646357921053 1529646357921258 0 7
1593 8905321 1529646349016284 1529646357921351 1529646357921605 0 50
2397 8648383 1529646349273405 1529646357921614 1529646357921788 0 110
5087 8571795 1529646349350262 1529646357921846 1529646357922057 0 192
627 8514894 1529646349407390 1529646357922104 1529646357922284 0 27
492 8450354 1529646349472163 1529646357922343 1529646357922517 0 22
869 8405473 1529646349517271 1529646357922564 1529646357922744 0 38
619 7868538 1529646350054429 1529646357922792 1529646357922967 0 28
180 7863510 1529646350059685 1529646357923012 1529646357923195 0 7
194 7797175 1529646350126260 1529646357923245 1529646357923435 0 8
180 7766041 1529646350157616 1529646357923492 1529646357923657 0 8
927 7692279 1529646350231582 1529646357923665 1529646357923861 0 37
991 7571727 1529646350352378 1529646357923923 1529646357924105 0 43
2926 7505247 1529646350419065 1529646357924151 1529646357924312 0 145
193 7356873 1529646350567658 1529646357924362 1529646357924531 0 9
180 7034189 1529646350890555 1529646357924577 1529646357924744 0 8
180 7029716 1529646350895265 1529646357924790 1529646357924981 0 7
8581 6850984 1529646351074301 1529646357925027 1529646357925285 0 266
180 6785650 1529646351139968 1529646357925342 1529646357925618 0 5
1589616 6703653 1529646351236215 1529646357925681 1529646357939868 0 896
212 6566237 1529646351373940 1529646357939900 1529646357940177 0 6
1738 6229484 1529646351710945 1529646357940254 1529646357940429 0 79
185 6157335 1529646351783408 1529646357940509 1529646357940743 0 6
2992 6107422 1529646351833624 1529646357940830 1529646357941046 0 110
2970 5910233 1529646352031084 1529646357941124 1529646357941317 0 123
387037770 9317404 1529646352032961 1529646357941377 1529646361350365 0 908
886 9291426 1529646352059310 1529646361350445 1529646361350736 0 24
278482 9273981 1529646352079420 1529646361350822 1529646361353401 0 863
698 8987808 1529646352365905 1529646361353504 1529646361353713 0 26
207898 8456021 1529646352899804 1529646361353801 1529646361355825 0 821
2647 8362985 1529646352993099 1529646361355902 1529646361356084 0 116
180 8358601 1529646352997827 1529646361356166 1529646361356428 0 5
998 8206422 1529646353150315 1529646361356505 1529646361356737 0 34
212 8075747 1529646353281279 1529646361356825 1529646361357026 0 8
3810 7681178 1529646353676110 1529646361357118 1529646361357288 0 179
3106 7468194 1529646353889355 1529646361357376 1529646361357549 0 143
1989 7014161 1529646354343601 1529646361357642 1529646361357762 0 132
8694 6450986 1529646354907074 1529646361357849 1529646361358060 0 329
377 6394794 1529646354963656 1529646361358145 1529646361358450 0 9
180 6386704 1529646354972068 1529646361358530 1529646361358772 0 5
1191 6305163 1529646355053919 1529646361358873 1529646361359082 0 45
35598968 6609457 1529646355063413 1529646361359177 1529646361672870 0 907
372 6591913 1529646355081273 1529646361672932 1529646361673186 0 11
5792 6492303 1529646355181208 1529646361673264 1529646361673511 0 187
187 6410323 1529646355263476 1529646361673586 1529646361673799 0 7
1358 6395355 1529646355278791 1529646361673881 1529646361674146 0 40
55418491 6842727 1529646355319677 1529646361674226 1529646362162404 0 908
299600 6744705 1529646355420595 1529646362162489 1529646362165300 0 852
734 6731358 1529646355434314 1529646362165380 1529646362165672 0 20
200590 6507245 1529646355660442 1529646362165749 1529646362167687 0 828
1935336 6407144 1529646355777829 1529646362167776 1529646362184973 0 900
1038 6396991 1529646355788377 1529646362185073 1529646362185368 0 28
213 6345213 1529646355840469 1529646362185445 1529646362185682 0 7
462 6120980 1529646356064981 1529646362185769 1529646362185961 0 19
9161 6117000 1529646356069305 1529646362186049 1529646362186305 0 286
1056 6059823 1529646356126791 1529646362186369 1529646362186614 0 34
3672 5706938 1529646356479967 1529646362186693 1529646362186905 0 138
180 5595438 1529646356591804 1529646362187009 1529646362187242 0 6
2568 5236699 1529646356950795 1529646362187322 1529646362187494 0 119
308 5145987 1529646357041719 1529646362187504 1529646362187706 0 12
316 4937925 1529646357249994 1529646362187713 1529646362187919 0 12
958 4462336 1529646357725844 1529646362187926 1529646362188180 0 30
1092 4276120 1529646357912367 1529646362188240 1529646362188487 0 35
3722 4260242 1529646357928507 1529646362188545 1529646362188749 0 145
1128 4135289 1529646358053709 1529646362188798 1529646362188998 0 45
767 4117698 1529646358071545 1529646362189042 1529646362189243 0 30
180 3988176 1529646358201354 1529646362189309 1529646362189530 0 6
210 3961201 1529646358228595 1529646362189595 1529646362189796 0 8
2889 3756272 1529646358433771 1529646362189859 1529646362190043 0 125
46976618 4088263 1529646358515567 1529646362190052 1529646362603830 0 908
334317 3863605 1529646358743434 1529646362603907 1529646362607039 0 853
180 3782590 1529646358824731 1529646362607116 1529646362607321 0 7
1684 3781744 1529646358825808 1529646362607425 1529646362607552 0 106
180 3690361 1529646358917415 1529646362607609 1529646362607776 0 8
180 3339115 1529646359268922 1529646362607867 1529646362608037 0 8
182 3320477 1529646359287818 1529646362608119 1529646362608295 0 8
1483 3310200 1529646359298321 1529646362608386 1529646362608521 0 87
741 3218967 1529646359389870 1529646362608602 1529646362608837 0 25
223 3160116 1529646359449037 1529646362608919 1529646362609153 0 7
180 3058507 1529646359551025 1529646362609233 1529646362609532 0 4
180 3018187 1529646359591643 1529646362609608 1529646362609830 0 6
1789192 2982552 1529646359643279 1529646362609911 1529646362625831 0 899
2111 2885103 1529646359741022 1529646362625910 1529646362626125 0 78
199 2834437 1529646359791994 1529646362626205 1529646362626431 0 7
33528380 2933139 1529646359988784 1529646362626511 1529646362921923 0 907
180 2926177 1529646359996094 1529646362922003 1529646362922271 0 5
180 2604206 1529646360318387 1529646362922353 1529646362922593 0 6
589 2028295 1529646360894624 1529646362922674 1529646362922919 0 19
2745 1914499 1529646361008672 1529646362922999 1529646362923171 0 127
180 1695027 1529646361228473 1529646362923256 1529646362923500 0 5
885 1594606 1529646361329217 1529646362923579 1529646362923823 0 29
2883 1427362 1529646361496707 1529646362923901 1529646362924069 0 137
2987 1384480 1529646361539923 1529646362924159 1529646362924403 0 97
214 1137622 1529646361787097 1529646362924484 1529646362924719 0 7
309 700102 1529646362224904 1529646362924800 1529646362925006 0 12
119235 634126 1529646362292164 1529646362925102 1529646362926290 0 802
2746 566228 1529646362360298 1529646362926377 1529646362926526 0 147
935 486813 1529646362440001 1529646362926625 1529646362926814 0 39
402 400682 1529646362526425 1529646362926903 1529646362927107 0 15
17645154 511116 1529646362571551 1529646362927197 1529646363082667 0 907
758 480452 1529646362602609 1529646363082756 1529646363083061 0 19
1020 422505 1529646362660931 1529646363083148 1529646363083436 0 28
1008 309397 1529646362774340 1529646363083520 1529646363083737 0 37
180 83130 1529646363000922 1529646363083832 1529646363084052 0 6
467 16452 1529646363067857 1529646363084129 1529646363084309 0 20
180 2034 1529646363082560 1529646363084389 1529646363084594 0 7
930 352 1529646363180718 1529646363180790 1529646363181070 0 26
5314 419 1529646363341764 1529646363341844 1529646363342183 0 125
602 510 1529646363462200 1529646363462282 1529646363462710 0 11
418 514 1529646363591616 1529646363591698 1529646363592130 0 7
204 300 1529646363641813 1529646363641895 1529646363642113 0 7
241270 2495 1529646363688443 1529646363688526 1529646363690938 0 800
633 422 1529646363740237 1529646363740319 1529646363740659 0 14
4071 376 1529646363802745 1529646363802829 1529646363803121 0 111
871 512 1529646364220875 1529646364220955 1529646364221387 0 16
248 506 1529646364295333 1529646364295414 1529646364295839 0 4
1835 297 1529646364376621 1529646364376698 1529646364376918 0 66
180 452 1529646364703655 1529646364703675 1529646364704107 0 3
1088 556 1529646364792190 1529646364792272 1529646364792746 0 18
2339 328 1529646364803061 1529646364803143 1529646364803389 0 76
964 552 1529646365021565 1529646365021646 1529646365022117 0 16
180 494 1529646365254708 1529646365254791 1529646365255202 0 3
1621 364 1529646365397950 1529646365398032 1529646365398314 0 45
180 577 1529646365588527 1529646365588609 1529646365589104 0 2
1079 593 1529646365655940 1529646365656026 1529646365656533 0 17
298879 3488 1529646365855609 1529646365855691 1529646365859097 0 702
298711 2931 1529646365928482 1529646365928562 1529646365931413 0 838
554 536 1529646366340841 1529646366340923 1529646366341377 0 9
1109 536 1529646366400844 1529646366400924 1529646366401380 0 19
218 555 1529646366444181 1529646366444262 1529646366444736 0 3
1576 398 1529646366454704 1529646366454787 1529646366455102 0 40
809 560 1529646366648391 1529646366648473 1529646366648951 0 13
529 512 1529646367188261 1529646367188341 1529646367188773 0 9
1475 369 1529646367288723 1529646367288805 1529646367289092 0 41
369203 4131 1529646367495112 1529646367495192 1529646367499243 0 729
378582 3734 1529646367567672 1529646367567755 1529646367571406 0 829
188 468 1529646367600227 1529646367600311 1529646367600695 0 3
7214 464 1529646367740452 1529646367740533 1529646367740916 0 150
31644 557 1529646367799479 1529646367799561 1529646367800036 0 532
2818 369 1529646367966730 1529646367966810 1529646367967099 0 78
54099942 476684 1529646368349661 1529646368349743 1529646368826345 0 908
298 463619 1529646368363031 1529646368826425 1529646368826650 0 10
867836204 8057537 1529646368411407 1529646368826750 1529646376468944 0 346
1633 7887533 1529646368581709 1529646376469029 1529646376469242 0 61
952 7829107 1529646368640463 1529646376469329 1529646376469570 0 31
2403 7759762 1529646368710045 1529646376469668 1529646376469807 0 138
1484 7653260 1529646368816786 1529646376469890 1529646376470046 0 76
205083 7609788 1529646368862335 1529646376470139 1529646376472123 0 826
180 7594448 1529646368877948 1529646376472197 1529646376472396 0 7
9068 7480330 1529646368992373 1529646376472476 1529646376472703 0 319
450 7465006 1529646369008024 1529646376472790 1529646376473030 0 15
707 7421574 1529646369051748 1529646376473105 1529646376473322 0 26
574 7250028 1529646369223620 1529646376473415 1529646376473648 0 19
289544 7161446 1529646369314981 1529646376473724 1529646376476427 0 856
290 7124243 1529646369352503 1529646376476503 1529646376476746 0 9
180 7116441 1529646369360578 1529646376476826 1529646376477019 0 7
8397 7047454 1529646369429795 1529646376477028 1529646376477249 0 303
201 7001213 1529646369476274 1529646376477257 1529646376477487 0 6
302734 6888764 1529646369591689 1529646376477531 1529646376480453 0 828
6239 6597815 1529646369882936 1529646376480502 1529646376480751 0 200
191 6472252 1529646370008808 1529646376480804 1529646376481060 0 5
99263801 7201346 1529646370153937 1529646376481113 1529646377355283 0 908
200 7027146 1529646370328465 1529646377355346 1529646377355611 0 6
927485 6960995 1529646370403016 1529646377355686 1529646377364011 0 891
190 6844042 1529646370520271 1529646377364088 1529646377364313 0 6
780 6728665 1529646370636011 1529646377364391 1529646377364676 0 21
1390 6701355 1529646370663687 1529646377364752 1529646377365042 0 38
180 6624035 1529646370741299 1529646377365118 1529646377365334 0 6
1828324 6532242 1529646370849438 1529646377365423 1529646377381680 0 899
189 6276919 1529646371105069 1529646377381766 1529646377381988 0 6
707 6239663 1529646371142620 1529646377382070 1529646377382283 0 26
67471 6147153 1529646371235944 1529646377382362 1529646377383097 0 734
4336 6103238 1529646371280152 1529646377383197 1529646377383390 0 179
84538 6019180 1529646371365231 1529646377383463 1529646377384411 0 713
73008627 6583189 1529646371444365 1529646377384493 1529646378027554 0 908
779 6501309 1529646371526561 1529646378027637 1529646378027870 0 26
2355 6310620 1529646371717532 1529646378027955 1529646378028152 0 95
9307 6288504 1529646371739980 1529646378028236 1529646378028484 0 300
6912 6039863 1529646371988940 1529646378028570 1529646378028803 0 237
974 5993420 1529646372035661 1529646378028876 1529646378029081 0 38
1815 5943213 1529646372086125 1529646378029174 1529646378029338 0 88
6435 5935960 1529646372093637 1529646378029427 1529646378029597 0 302
435 5930145 1529646372099749 1529646378029689 1529646378029894 0 16
974 5828570 1529646372201654 1529646378029987 1529646378030224 0 32
327960 5588592 1529646372444642 1529646378030233 1529646378033234 0 874
180 5509044 1529646372524392 1529646378033243 1529646378033436 0 7
683 5488370 1529646372545472 1529646378033530 1529646378033842 0 17
3251 5143701 1529646372890331 1529646378033851 1529646378034032 0 143
59996647 5554443 1529646373008153 1529646378034119 1529646378562596 0 908
194 5353531 1529646373209456 1529646378562672 1529646378562987 0 4
4169 5144815 1529646373418562 1529646378563064 1529646378563377 0 106
180 5136897 1529646373426867 1529646378563458 1529646378563764 0 4
3953 5126049 1529646373438064 1529646378563841 1529646378564113 0 116
2687311 5099847 1529646373488181 1529646378564198 1529646378588028 0 902
863 5014556 1529646373573760 1529646378588116 1529646378588316 0 34
2720 4923492 1529646373665069 1529646378588403 1529646378588561 0 137
661 4841391 1529646373747468 1529646378588654 1529646378588859 0 25
180 4673449 1529646373915707 1529646378588955 1529646378589156 0 7
959 4658269 1529646373931166 1529646378589250 1529646378589435 0 41
321 4655064 1529646373934647 1529646378589516 1529646378589711 0 13
285 4541271 1529646374048699 1529646378589790 1529646378589970 0 12
621 4311679 1529646374278474 1529646378589979 1529646378590153 0 28
3001 4122622 1529646374467706 1529646378590160 1529646378590328 0 142
168805 4084501 1529646374507468 1529646378590335 1529646378591969 0 826
180 3812156 1529646374780037 1529646378591981 1529646378592193 0 6
796 3788924 1529646374803515 1529646378592203 1529646378592439 0 26
180 3571177 1529646375021496 1529646378592448 1529646378592673 0 6
76041 3557850 1529646375035710 1529646378592682 1529646378593560 0 692
1789 3424312 1529646375169440 1529646378593571 1529646378593752 0 79
180 3420945 1529646375173023 1529646378593762 1529646378593968 0 6
184589 3244262 1529646375351467 1529646378593977 1529646378595729 0 842
1365 3055025 1529646375540924 1529646378595739 1529646378595949 0 52
750 2950382 1529646375645789 1529646378595958 1529646378596171 0 28
180 2874623 1529646375721778 1529646378596180 1529646378596401 0 6
272457 2810507 1529646375788498 1529646378596411 1529646378599005 0 840
7329 2670403 1529646375928914 1529646378599017 1529646378599317 0 195
316 2622135 1529646375977465 1529646378599326 1529646378599600 0 9
339077 2625005 1529646375977766 1529646378599609 1529646378602771 0 857
1359 2619819 1529646375983259 1529646378602782 1529646378603078 0 36
206 2469722 1529646376133620 1529646378603088 1529646378603342 0 6
356253 1959643 1529646376647039 1529646378603351 1529646378606682 0 855
1060 1940712 1529646376666197 1529646378606693 1529646378606909 0 39
206952 1720247 1529646376888644 1529646378606919 1529646378608891 0 839
2244 1265421 1529646377343667 1529646378608902 1529646378609088 0 96
351 1089736 1529646377519565 1529646378609098 1529646378609301 0 13
984 487784 1529646378121749 1529646378609309 1529646378609533 0 35
378 265241 1529646378344427 1529646378609542 1529646378609668 0 24
8359 171787 1529646378438104 1529646378609677 1529646378609891 0 312
4632 210 1529646378676346 1529646378676359 1529646378676556 0 188
295 455 1529646378688403 1529646378688418 1529646378688858 0 5
2914 262 1529646378803143 1529646378803161 1529646378803405 0 95
6943 408 1529646378878098 1529646378878115 1529646378878506 0 142
1982 240 1529646379208218 1529646379208235 1529646379208458 0 71
180 390 1529646379232097 1529646379232113 1529646379232487 0 3
328 394 1529646379297456 1529646379297473 1529646379297850 0 6
92615 1034 1529646379351744 1529646379351761 1529646379352778 0 728
196 397 1529646379400113 1529646379400129 1529646379400510 0 4
1946 375 1529646379440328 1529646379440344 1529646379440703 0 43
403 406 1529646379477648 1529646379477664 1529646379478054 0 8
6488 432 1529646379493261 1529646379493278 1529646379493693 0 125
1761 242 1529646379553333 1529646379553349 1529646379553575 0 62
121553 1462 1529646379919731 1529646379919747 1529646379921193 0 672
1569 313 1529646379951502 1529646379951519 1529646379951815 0 42
1005 387 1529646380026133 1529646380026150 1529646380026520 0 21
882 441 1529646380026960 1529646380026974 1529646380027401 0 16
1111 419 1529646380109518 1529646380109535 1529646380109937 0 22
1974 267 1529646380122176 1529646380122193 1529646380122443 0 63
1333 391 1529646380320766 1529646380320783 1529646380321157 0 28
942 426 1529646380651144 1529646380651161 1529646380651570 0 18
180 497 1529646380700358 1529646380700445 1529646380700855 0 3
1398 554 1529646380903960 1529646380904039 1529646380904514 0 23
190886 2244 1529646380938545 1529646380938625 1529646380940789 0 705
271 1588 1529646380939567 1529646380940868 1529646380941155 0 7
112284 1376 1529646381091769 1529646381091850 1529646381093145 0 693
2630 355 1529646381141354 1529646381141434 1529646381141709 0 76
1081197 9802 1529646381279016 1529646381279097 1529646381288818 0 889
2375 352 1529646381339882 1529646381339964 1529646381340234 0 70
68876198 606920 1529646381490215 1529646381490295 1529646382097135 0 907
358514 555940 1529646381544549 1529646382097203 1529646382100489 0 872
2297 360548 1529646381740204 1529646382100589 1529646382100752 0 112
1847242 236884 1529646381880332 1529646382100832 1529646382117216 0 901
44085 599 1529646382147262 1529646382147347 1529646382147861 0 686
8112 296 1529646382188189 1529646382188269 1529646382188485 0 300
9343 303 1529646382334078 1529646382334160 1529646382334381 0 338
426 454 1529646382806145 1529646382806225 1529646382806599 0 9
2495455 22185 1529646382812021 1529646382812101 1529646382834206 0 903
212 17217 1529646382817354 1529646382834287 1529646382834571 0 5
275321 2715 1529646382955357 1529646382955443 1529646382958072 0 837
5667 288 1529646383134317 1529646383134397 1529646383134605 0 217
2952 291 1529646383204970 1529646383205049 1529646383205261 0 111
663 457 1529646383278646 1529646383278726 1529646383279103 0 14
4623 253 1529646383287374 1529646383287455 1529646383287627 0 215
267495988 2355673 1529646383290900 1529646383290981 1529646385646573 0 908
258 2345613 1529646383301253 1529646385646654 1529646385646866 0 9
203 1762675 1529646383884498 1529646385646946 1529646385647173 0 7
1722 1657234 1529646383990206 1529646385647248 1529646385647440 0 71
726 1559612 1529646384088199 1529646385647523 1529646385647811 0 20
1097 1103761 1529646384544355 1529646385647892 1529646385648116 0 39
1007 970555 1529646384677898 1529646385648213 1529646385648453 0 33
645 618093 1529646385030650 1529646385648529 1529646385648743 0 24
8301 494234 1529646385154828 1529646385648821 1529646385649062 0 275
5723 413694 1529646385235589 1529646385649071 1529646385649283 0 215
936 395344 1529646385254173 1529646385649291 1529646385649517 0 33
1472 318705 1529646385331010 1529646385649561 1529646385649715 0 76
1290174 327077 1529646385334215 1529646385649762 1529646385661292 0 895
1076 260485 1529646385401038 1529646385661332 1529646385661523 0 45
9343 141934 1529646385519886 1529646385661572 1529646385661820 0 301
180 488 1529646385942962 1529646385943017 1529646385943450 0 3
350 517 1529646386156912 1529646386156955 1529646386157429 0 5
184 455 1529646386348350 1529646386348403 1529646386348805 0 3
301 501 1529646386377686 1529646386377738 1529646386378187 0 5
206 513 1529646386571285 1529646386571336 1529646386571798 0 3
190 531 1529646386633419 1529646386633471 1529646386633950 0 3
610 493 1529646386707843 1529646386707894 1529646386708336 0 11
1930 411 1529646386835301 1529646386835394 1529646386835712 0 48
1262 555 1529646387029691 1529646387029771 1529646387030246 0 21
212 545 1529646387159896 1529646387159976 1529646387160441 0 3
2479728 22150 1529646387268948 1529646387269028 1529646387291098 0 898
18898815 166701 1529646387324155 1529646387324229 1529646387490856 0 907
6763 152678 1529646387338581 1529646387490944 1529646387491259 0 171
567 31577 1529646387460010 1529646387491336 1529646387491587 0 18
180 519 1529646387723953 1529646387724034 1529646387724472 0 3
180 533 1529646387726451 1529646387726531 1529646387726984 0 3
180 456 1529646387798692 1529646387798777 1529646387799148 0 3
180 550 1529646388050019 1529646388050100 1529646388050569 0 3
1509 343 1529646388182427 1529646388182508 1529646388182770 0 46
2866059 25502 1529646388374701 1529646388374781 1529646388400203 0 901
303 342 1529646388726923 1529646388727005 1529646388727265 0 9
204 483 1529646388792306 1529646388792386 1529646388792789 0 4
2119 301 1529646388999808 1529646388999888 1529646389000109 0 76
1408 500 1529646389169373 1529646389169459 1529646389169873 0 27
9582 499 1529646389351465 1529646389351545 1529646389351964 0 182
1623 378 1529646389821249 1529646389821331 1529646389821627 0 43
337 495 1529646390213569 1529646390213649 1529646390214064 0 6
690 516 1529646390257056 1529646390257136 1529646390257572 0 12
1066424 10152 1529646390425354 1529646390425434 1529646390435506 0 847
2389 333 1529646390480281 1529646390480363 1529646390480614 0 76
2816 299 1529646390483183 1529646390483257 1529646390483482 0 100
854 489 1529646390548161 1529646390548244 1529646390548650 0 16
1655 368 1529646390685927 1529646390686010 1529646390686295 0 46
6774 421 1529646390727022 1529646390727097 1529646390727443 0 156
2232 300 1529646390762192 1529646390762253 1529646390762492 0 74
1376 558 1529646390929305 1529646390929383 1529646390929863 0 22
194 466 1529646391134072 1529646391134152 1529646391134538 0 4
184 431 1529646391138965 1529646391139045 1529646391139396 0 4
721 462 1529646391181783 1529646391181863 1529646391182245 0 15
8082 462 1529646391209898 1529646391209979 1529646391210360 0 169
229370 2344 1529646391246067 1529646391246112 1529646391248411 0 798
1996 255 1529646391411503 1529646391411517 1529646391411758 0 66
180 434 1529646391468433 1529646391468487 1529646391468867 0 3
2585 346 1529646392119753 1529646392119832 1529646392120099 0 77
1501 390 1529646392137495 1529646392137576 1529646392137885 0 38
1503 349 1529646392254283 1529646392254363 1529646392254632 0 44
276 472 1529646392408039 1529646392408117 1529646392408511 0 5
1620 359 1529646392539847 1529646392539926 1529646392540206 0 46
1907 357 1529646392562778 1529646392562858 1529646392563135 0 55
1305 467 1529646392750841 1529646392750921 1529646392751308 0 26
947 329 1529646392795141 1529646392795159 1529646392795470 0 24
179761 1929 1529646392864605 1529646392864673 1529646392866534 0 772
611 437 1529646393021853 1529646393021896 1529646393022290 0 12
180 468 1529646393042358 1529646393042401 1529646393042826 0 3
1263 427 1529646393051005 1529646393051048 1529646393051432 0 26
525 430 1529646393094323 1529646393094366 1529646393094753 0 10
2949941 26243 1529646393349184 1529646393349227 1529646393375427 0 900
198 232 1529646393414519 1529646393414562 1529646393414751 0 8
1168 307 1529646393668697 1529646393668740 1529646393669004 0 35
203 437 1529646394206500 1529646394206543 1529646394206937 0 4
231 464 1529646394251986 1529646394252029 1529646394252450 0 4
2221 403 1529646394310089 1529646394310131 1529646394310492 0 49
9390 427 1529646394386764 1529646394386806 1529646394387191 0 195
713 430 1529646394548143 1529646394548161 1529646394548573 0 13
657 431 1529646394827097 1529646394827115 1529646394827528 0 12
6475 595 1529646394831336 1529646394831352 1529646394831931 0 89
228750 2565 1529646394890659 1529646394890703 1529646394893224 0 725
394801 3732 1529646395165208 1529646395165254 1529646395168940 0 856
677 335 1529646395437932 1529646395437976 1529646395438267 0 18
180 360 1529646395570480 1529646395570524 1529646395570840 0 4
830 429 1529646395592216 1529646395592261 1529646395592645 0 17
1021 476 1529646395839145 1529646395839187 1529646395839621 0 18
196 424 1529646395967145 1529646395967188 1529646395967569 0 4
263 417 1529646395977490 1529646395977534 1529646395977907 0 5
1354 483 1529646396038320 1529646396038364 1529646396038803 0 24
197 427 1529646396078313 1529646396078361 1529646396078740 0 4
203 556 1529646396168354 1529646396168397 1529646396168910 0 3
6499 431 1529646396275148 1529646396275191 1529646396275579 0 134
749 452 1529646396473689 1529646396473731 1529646396474141 0 14
738 547 1529646396605924 1529646396605997 1529646396606471 0 12
1116 486 1529646396776610 1529646396776654 1529646396777096 0 20
1267 549 1529646396967220 1529646396967264 1529646396967769 0 20
271 511 1529646397470328 1529646397470371 1529646397470839 0 4
1006 507 1529646397546300 1529646397546343 1529646397546807 0 17
5629 294 1529646397650191 1529646397650233 1529646397650485 0 178
266 491 1529646397899440 1529646397899484 1529646397899931 0 4
1796 304 1529646398251663 1529646398251706 1529646398251967 0 55
183 512 1529646398305856 1529646398305898 1529646398306368 0 3
2043 312 1529646398320604 1529646398320647 1529646398320916 0 60
1346 836 1529646398320712 1529646398320994 1529646398321548 0 19
180 460 1529646398681857 1529646398681900 1529646398682317 0 3
254361 3050 1529646398750850 1529646398750893 1529646398753900 0 676
1903 256 1529646398775600 1529646398775643 1529646398775856 0 71
1047 517 1529646398801633 1529646398801719 1529646398802150 0 19
7871 378 1529646398901043 1529646398901115 1529646398901421 0 205
1593 400 1529646399016998 1529646399017077 1529646399017398 0 39
1523 341 1529646399295703 1529646399295783 1529646399296044 0 46
54303246 478495 1529646399409397 1529646399409475 1529646399887892 0 908
180 426395 1529646399461845 1529646399887910 1529646399888240 0 4
199 361913 1529646399526550 1529646399888256 1529646399888463 0 7
1900 205820 1529646399682838 1529646399888478 1529646399888658 0 84
189970 1946 1529646399947549 1529646399947602 1529646399949495 0 802
187 453 1529646400190236 1529646400190319 1529646400190689 0 4
180 441 1529646400442101 1529646400442182 1529646400442542 0 4
197 481 1529646400491529 1529646400491607 1529646400492010 0 3
1092 549 1529646400782744 1529646400782824 1529646400783293 0 18
5876 376 1529646400902616 1529646400902686 1529646400902992 0 153
2297340 20526 1529646400952748 1529646400952829 1529646400973274 0 898
180 444 1529646401141594 1529646401141608 1529646401142038 0 3
180 495 1529646401146140 1529646401146220 1529646401146635 0 3
4623 430 1529646401592815 1529646401592895 1529646401593245 0 105
180 468 1529646401643709 1529646401643799 1529646401644177 0 3
194 472 1529646401678929 1529646401679010 1529646401679401 0 3
960 443 1529646401896027 1529646401896110 1529646401896470 0 21
999 463 1529646402598757 1529646402598839 1529646402599220 0 20
199 478 1529646402691098 1529646402691179 1529646402691576 0 4
770 604 1529646402830958 1529646402831041 1529646402831562 0 11
517 544 1529646402959811 1529646402959913 1529646402960355 0 9
739 548 1529646402970120 1529646402970201 1529646402970668 0 12
180 541 1529646403012928 1529646403013010 1529646403013469 0 3
214 499 1529646403064232 1529646403064315 1529646403064731 0 4
626772145 5520295 1529646403267942 1529646403268021 1529646408788237 0 130
2254 5299822 1529646403488602 1529646408788258 1529646408788424 0 108
207 5093642 1529646403695015 1529646408788439 1529646408788657 0 7
2026 4900928 1529646403887910 1529646408788673 1529646408788838 0 98
1418 4791952 1529646403997201 1529646408788853 1529646408789153 0 37
2611 4616146 1529646404173192 1529646408789168 1529646408789338 0 122
1046 4154270 1529646404635371 1529646408789354 1529646408789641 0 29
422 4125989 1529646404663903 1529646408789657 1529646408789892 0 14
1014 4099031 1529646404691171 1529646408789908 1529646408790202 0 27
269 4016392 1529646404774041 1529646408790218 1529646408790433 0 10
1192 3992636 1529646404798021 1529646408790449 1529646408790657 0 45
940 3961121 1529646404829843 1529646408790672 1529646408790964 0 25
180 3817229 1529646404973995 1529646408790980 1529646408791224 0 5
102678 3708856 1529646405083391 1529646408791239 1529646408792247 0 814
180 3643354 1529646405149080 1529646408792260 1529646408792434 0 8
3626 3571210 1529646405221374 1529646408792446 1529646408792584 0 210
994265 3308899 1529646405492606 1529646408792598 1529646408801505 0 893
21768 3109794 1529646405692072 1529646408801520 1529646408801866 0 503
2277 2976451 1529646405825602 1529646408801881 1529646408802053 0 105
1061 2769104 1529646406033294 1529646408802069 1529646408802398 0 25
5385903 2324370 1529646406525617 1529646408802414 1529646408849987 0 905
181 2187487 1529646406662716 1529646408850001 1529646408850203 0 7
187 2150288 1529646406700046 1529646408850216 1529646408850334 0 12
1049 2004168 1529646406846370 1529646408850346 1529646408850538 0 43
252 2001950 1529646406848728 1529646408850549 1529646408850678 0 15
931 1706450 1529646407144452 1529646408850689 1529646408850902 0 34
184 1670265 1529646407180775 1529646408850913 1529646408851040 0 11
635 1579139 1529646407272153 1529646408851052 1529646408851292 0 21
180 1256797 1529646407594716 1529646408851304 1529646408851513 0 6
219 1251849 1529646407599805 1529646408851525 1529646408851654 0 13
192 963591 1529646407888270 1529646408851671 1529646408851861 0 8
1719 942042 1529646407909962 1529646408851873 1529646408852004 0 104
512 683478 1529646408168728 1529646408852015 1529646408852206 0 21
195 130830 1529646408721565 1529646408852218 1529646408852395 0 8
502 86430 1529646408766168 1529646408852407 1529646408852598 0 21
180 74992 1529646408777801 1529646408852610 1529646408852793 0 7
1012 371 1529646408892267 1529646408892315 1529646408892638 0 25
63538 873 1529646408988001 1529646408988074 1529646408988874 0 635
180 460 1529646409007097 1529646409007177 1529646409007557 0 3
845 513 1529646409157373 1529646409157452 1529646409157886 0 15
180 554 1529646409319563 1529646409319646 1529646409320117 0 3
1646 395 1529646409510042 1529646409510123 1529646409510437 0 41
303 526 1529646409595042 1529646409595123 1529646409595568 0 5
99701685 878449 1529646409622060 1529646409622142 1529646410500509 0 908
1698 544133 1529646409956586 1529646410500525 1529646410500719 0 70
47659 396867 1529646410104492 1529646410500730 1529646410501359 0 606
3220 371692 1529646410129868 1529646410501375 1529646410501560 0 139
108123 264546 1529646410238189 1529646410501575 1529646410502735 0 745
205 206633 1529646410296359 1529646410502751 1529646410502992 0 6
1036 126491 1529646410376744 1529646410503005 1529646410503235 0 36
1113 92688 1529646410410788 1529646410503247 1529646410503476 0 38
613 421 1529646410703956 1529646410704009 1529646410704377 0 13
837 476 1529646410708959 1529646410709041 1529646410709435 0 16
180 502 1529646410757114 1529646410757195 1529646410757616 0 3
197 517 1529646410785718 1529646410785800 1529646410786235 0 3
185938 1947 1529646410808490 1529646410808543 1529646410810437 0 785
215 534 1529646411061481 1529646411061553 1529646411062015 0 3
1084 410 1529646411101524 1529646411101596 1529646411101934 0 25
4806 302 1529646411115042 1529646411115116 1529646411115344 0 168
685 342 1529646411121530 1529646411121611 1529646411121872 0 20
4958 402 1529646411157385 1529646411157470 1529646411157787 0 125
199483 2080 1529646411192980 1529646411193061 1529646411195060 0 798
180 495 1529646411260469 1529646411260550 1529646411260964 0 3
6354 465 1529646411751760 1529646411751840 1529646411752225 0 132
1591 390 1529646412045394 1529646412045473 1529646412045784 0 40
2604 306 1529646412065255 1529646412065336 1529646412065561 0 92
1398 471 1529646412069526 1529646412069607 1529646412069997 0 28
1005 515 1529646412208187 1529646412208268 1529646412208702 0 18
654 435 1529646412326533 1529646412326615 1529646412326968 0 14
141126 1747 1529646412436323 1529646412436401 1529646412438070 0 676
649 531 1529646412549885 1529646412549964 1529646412550416 0 11
6770 417 1529646412683184 1529646412683265 1529646412683601 0 161
866820 7994 1529646413215536 1529646413215614 1529646413223530 0 876
1035 371 1529646413506475 1529646413506489 1529646413506846 0 23
2763 354 1529646413523603 1529646413523684 1529646413523957 0 80
8595 485 1529646413535427 1529646413535507 1529646413535912 0 169
2511 315 1529646413592763 1529646413592844 1529646413593078 0 85
754 512 1529646413689826 1529646413689904 1529646413690338 0 13
1257 531 1529646413714403 1529646413714484 1529646413714934 0 22
486 493 1529646414335100 1529646414335174 1529646414335593 0 9
2285 353 1529646414346920 1529646414347000 1529646414347273 0 66
180 486 1529646414527091 1529646414527171 1529646414527577 0 3
183 470 1529646414567277 1529646414567355 1529646414567747 0 3
1424 514 1529646414632304 1529646414632384 1529646414632818 0 26
180 536 1529646414960444 1529646414960524 1529646414960980 0 3
1767 439 1529646415301370 1529646415301450 1529646415301809 0 39
658 594 1529646415513164 1529646415513245 1529646415513758 0 10
93177441 821273 1529646415561993 1529646415562071 1529646416383266 0 907
193 820257 1529646415563274 1529646416383280 1529646416383531 0 6
571 770642 1529646415613122 1529646416383548 1529646416383764 0 21
2441 739787 1529646415644176 1529646416383780 1529646416383963 0 106
207 171874 1529646416212310 1529646416383979 1529646416384184 0 8
6014 164324 1529646416220077 1529646416384200 1529646416384401 0 239
6180 35066 1529646416349606 1529646416384417 1529646416384672 0 193
1639 273 1529646416477369 1529646416477422 1529646416477642 0 59
5784 316 1529646416663106 1529646416663186 1529646416663422 0 196
9766 467 1529646416829347 1529646416829428 1529646416829814 0 202
95413 1171 1529646417016656 1529646417016736 1529646417017827 0 699
716 451 1529646417019701 1529646417019781 1529646417020152 0 15
2525 393 1529646417047357 1529646417047487 1529646417047750 0 76
400 591 1529646417062177 1529646417062259 1529646417062768 0 6
180 478 1529646417234460 1529646417234531 1529646417234938 0 3
8021 465 1529646417308377 1529646417308459 1529646417308842 0 167
180 526 1529646417565946 1529646417566026 1529646417566472 0 3
920 669 1529646417577326 1529646417577408 1529646417577995 0 12
417 554 1529646417692130 1529646417692210 1529646417692684 0 7
582 542 1529646417711234 1529646417711316 1529646417711776 0 10
203 509 1529646417783662 1529646417783744 1529646417784171 0 3
1680 302 1529646417840806 1529646417840880 1529646417841108 0 58
217 552 1529646417922265 1529646417922344 1529646417922817 0 3
915 547 1529646417965649 1529646417965729 1529646417966196 0 15
615 511 1529646418180540 1529646418180621 1529646418181051 0 11
1140 578 1529646418278470 1529646418278551 1529646418279048 0 18
180 479 1529646418612914 1529646418612992 1529646418613393 0 3
8803 455 1529646418692777 1529646418692856 1529646418693232 0 187
284 557 1529646418823175 1529646418823255 1529646418823732 0 4
1408714 12980 1529646419059763 1529646419059841 1529646419072743 0 873
203 524 1529646419382173 1529646419382252 1529646419382697 0 3
1320 556 1529646419406962 1529646419407042 1529646419407518 0 22
205 526 1529646419495163 1529646419495244 1529646419495689 0 3
65906 810 1529646419780942 1529646419781021 1529646419781752 0 721
966 473 1529646419935899 1529646419935977 1529646419936372 0 19
429 535 1529646420409893 1529646420409976 1529646420410428 0 7
3085 444 1529646420481501 1529646420481581 1529646420481945 0 67
731 472 1529646420556717 1529646420556795 1529646420557189 0 14
209 505 1529646420724276 1529646420724357 1529646420724781 0 3
1017 479 1529646420841578 1529646420841659 1529646420842057 0 20
1083117 9872 1529646421042601 1529646421042669 1529646421052473 0 883
206 480 1529646421505464 1529646421505478 1529646421505944 0 3
1577 306 1529646421529101 1529646421529182 1529646421529407 0 56
3114 441 1529646421588854 1529646421588936 1529646421589295 0 69
1422 562 1529646422057117 1529646422057195 1529646422057679 0 23
370 539 1529646422131343 1529646422131424 1529646422131882 0 6
987 513 1529646422314335 1529646422314416 1529646422314848 0 18
180 518 1529646422336097 1529646422336178 1529646422336615 0 3
1311 535 1529646422372075 1529646422372126 1529646422372610 0 21
180 462 1529646422405318 1529646422405398 1529646422405780 0 3
2922291 26293 1529646422438884 1529646422438955 1529646422465177 0 891
180 26497 1529646422438890 1529646422465192 1529646422465387 0 7
2159 218 1529646422490477 1529646422490491 1529646422490695 0 84
2206526 19954 1529646422639292 1529646422639372 1529646422659246 0 888
1672 366 1529646422878915 1529646422878993 1529646422879281 0 46
191 469 1529646423023895 1529646423023972 1529646423024364 0 3
1545 392 1529646423045129 1529646423045207 1529646423045521 0 39
1710 298 1529646423200678 1529646423200756 1529646423200976 0 62
278285 3109 1529646423253569 1529646423253650 1529646423256678 0 735
854 486 1529646423342491 1529646423342545 1529646423342977 0 15
733943347 6463587 1529646423592791 1529646423592872 1529646430056378 0 243
677 6278581 1529646423778024 1529646430056396 1529646430056605 0 25
180 5970413 1529646424086423 1529646430056617 1529646430056836 0 6
1555 5798336 1529646424258712 1529646430056848 1529646430057048 0 62
658 5739546 1529646424317805 1529646430057060 1529646430057351 0 18
994 5617447 1529646424440138 1529646430057363 1529646430057585 0 35
122722 5473600 1529646424585238 1529646430057596 1529646430058838 0 790
118916 5418655 1529646424641470 1529646430058855 1529646430060125 0 749
967 5313322 1529646424747167 1529646430060140 1529646430060489 0 22
1043 5071249 1529646424989556 1529646430060505 1529646430060805 0 27
249 4822512 1529646425238600 1529646430060821 1529646430061112 0 6
1072 4714753 1529646425346604 1529646430061134 1529646430061357 0 38
300 4053661 1529646426007950 1529646430061373 1529646430061611 0 10
92684863 4838112 1529646426039781 1529646430061624 1529646430877893 0 908
998584736 13245444 1529646426433031 1529646430877910 1529646439678475 0 419
2220174 13241540 1529646426456708 1529646439678493 1529646439698248 0 899
211 12798874 1529646426899561 1529646439698260 1529646439698435 0 9
997 12662359 1529646427036269 1529646439698446 1529646439698628 0 43
539 12566781 1529646427132056 1529646439698639 1529646439698837 0 21
530 12527367 1529646427171665 1529646439698848 1529646439699032 0 23
6909 12427716 1529646427271492 1529646439699043 1529646439699208 0 334
554 12335223 1529646427364169 1529646439699219 1529646439699392 0 25
5130 12311712 1529646427387871 1529646439699404 1529646439699583 0 229
180 12048332 1529646427651474 1529646439699595 1529646439699806 0 6
1924 11867516 1529646427832472 1529646439699816 1529646439699988 0 89
2755 11846518 1529646427853644 1529646439699999 1529646439700162 0 135
1741 11830527 1529646427869798 1529646439700175 1529646439700325 0 92
2110 11538918 1529646428161580 1529646439700336 1529646439700498 0 104
2990 11500278 1529646428200416 1529646439700507 1529646439700694 0 127
346423 11322690 1529646428381201 1529646439700704 1529646439703891 0 869
368423 11265975 1529646428441268 1529646439703904 1529646439707243 0 882
1946 10900814 1529646428806574 1529646439707256 1529646439707388 0 117
3141 10819476 1529646428888057 1529646439707403 1529646439707533 0 193
180 10696554 1529646429011153 1529646439707543 1529646439707707 0 8
1665 10532180 1529646429175650 1529646439707717 1529646439707830 0 117
7596 10526915 1529646429181105 1529646439707844 1529646439708020 0 345
730 10345154 1529646429363062 1529646439708032 1529646439708216 0 31
223102 10156426 1529646429553874 1529646439708227 1529646439710300 0 860
884 9845897 1529646429864612 1529646439710313 1529646439710509 0 36
5225 9748314 1529646429962392 1529646439710520 1529646439710706 0 224
1081080 9711579 1529646430008774 1529646439710718 1529646439720353 0 897
184 9095084 1529646430625474 1529646439720367 1529646439720558 0 7
1215 9049108 1529646430671725 1529646439720570 1529646439720833 0 36
941 9006283 1529646430714777 1529646439720844 1529646439721060 0 34
285977 8893549 1529646430830191 1529646439721071 1529646439723740 0 857
494 8846526 1529646430877412 1529646439723757 1529646439723938 0 21
907 8482197 1529646431241963 1529646439723950 1529646439724160 0 34
1696 8342689 1529646431381659 1529646439724171 1529646439724348 0 76
185 8226338 1529646431498225 1529646439724358 1529646439724563 0 7
180 8212521 1529646431512250 1529646439724575 1529646439724771 0 7
4323 8192210 1529646431532789 1529646439724782 1529646439724999 0 159
7960699 7782114 1529646432013108 1529646439725011 1529646439795222 0 907
604 7774715 1529646432020711 1529646439795235 1529646439795426 0 25
923 7739490 1529646432056238 1529646439795440 1529646439795728 0 25
2154 7659751 1529646432136176 1529646439795744 1529646439795927 0 94
830 7573478 1529646432222678 1529646439795942 1529646439796156 0 31
7321 7437171 1529646432359301 1529646439796171 1529646439796472 0 194
1971 7084290 1529646432712369 1529646439796488 1529646439796659 0 92
434269291 10804650 1529646432816383 1529646439796674 1529646443621033 0 908
300 10732800 1529646432888532 1529646443621050 1529646443621332 0 8
2962363 10734958 1529646432912829 1529646443621344 1529646443647787 0 896
1210 10332394 1529646433315683 1529646443647804 1529646443648077 0 35
529465227 14984320 1529646433326282 1529646443648091 1529646448310602 0 908
190 14826763 1529646433484073 1529646448310623 1529646448310836 0 7
180 14704747 1529646433606399 1529646448310852 1529646448311146 0 4
204 14548880 1529646433762514 1529646448311161 1529646448311394 0 7
354520 14436867 1529646433877873 1529646448311409 1529646448314740 0 851
2820 14296992 1529646434017935 1529646448314757 1529646448314927 0 132
2540 14161225 1529646434153884 1529646448314943 1529646448315109 0 122
2637 14089295 1529646434225995 1529646448315124 1529646448315290 0 127
869 14063668 1529646434251856 1529646448315306 1529646448315524 0 31
195 14054086 1529646434261668 1529646448315540 1529646448315754 0 7
717 13971477 1529646434344575 1529646448315769 1529646448316052 0 20
1047 13801072 1529646434515279 1529646448316067 1529646448316351 0 29
1685 13329031 1529646434987513 1529646448316366 1529646448316544 0 75
1356 13190732 1529646435126071 1529646448316560 1529646448316803 0 44
2579 13051527 1529646435265461 1529646448316819 1529646448316988 0 122
5198 12623935 1529646435693251 1529646448317004 1529646448317186 0 228
476772 12507648 1529646435813881 1529646448317201 1529646448321529 0 881
1635445 12441880 1529646435894173 1529646448321543 1529646448336053 0 901
165616 12323911 1529646436013713 1529646448336067 1529646448337624 0 850
376 12229564 1529646436108345 1529646448337640 1529646448337909 0 11
180 12173175 1529646436164963 1529646448337925 1529646448338138 0 6
8261 11998821 1529646436339564 1529646448338154 1529646448338385 0 286
2432 11949413 1529646436389134 1529646448338399 1529646448338547 0 131
180 11663945 1529646436674803 1529646448338558 1529646448338748 0 7
180 11475895 1529646436863060 1529646448338759 1529646448338955 0 7
386128 11473857 1529646436868708 1529646448338967 1529646448342565 0 858
1321 11026611 1529646437316215 1529646448342582 1529646448342826 0 43
1293 11021316 1529646437321806 1529646448342840 1529646448343122 0 36
180 10587554 1529646437755781 1529646448343134 1529646448343335 0 7
224738 10417830 1529646437927663 1529646448343346 1529646448345493 0 837
280794 10221961 1529646438126125 1529646448345505 1529646448348086 0 870
1079 10157948 1529646438190369 1529646448348101 1529646448348317 0 39
777 9995638 1529646438352904 1529646448348331 1529646448348542 0 29
3165 9951159 1529646438397565 1529646448348554 1529646448348724 0 148
206 9852512 1529646438496423 1529646448348735 1529646448348935 0 8
180 9850991 1529646438498209 1529646448348947 1529646448349200 0 5
9081 9832085 1529646438517354 1529646448349212 1529646448349439 0 320
383 9731484 1529646438618223 1529646448349451 1529646448349707 0 11
1752 9642937 1529646438706959 1529646448349719 1529646448349896 0 79
460 9639939 1529646438710160 1529646448349908 1529646448350099 0 19
148219 9593220 1529646438758348 1529646448350110 1529646448351568 0 813
1650 9571059 1529646438780669 1529646448351584 1529646448351728 0 91
356896 9179687 1529646439175333 1529646448351738 1529646448355020 0 869
346 9151822 1529646439203400 1529646448355034 1529646448355222 0 14
1074 9094129 1529646439261325 1529646448355234 1529646448355454 0 39
1947 8916407 1529646439439229 1529646448355467 1529646448355636 0 92
873 8460916 1529646439894999 1529646448355649 1529646448355915 0 26
2034 8319015 1529646440037068 1529646448355927 1529646448356083 0 104
210 8135479 1529646440220816 1529646448356093 1529646448356295 0 8
180 7650749 1529646440705816 1529646448356306 1529646448356565 0 5
1461 7550184 1529646440806566 1529646448356576 1529646448356750 0 67
731 7473204 1529646440883771 1529646448356762 1529646448356975 0 27
1781 7363897 1529646440993271 1529646448356986 1529646448357168 0 78
892 7363582 1529646440993838 1529646448357178 1529646448357420 0 29
297 7044387 1529646441313253 1529646448357432 1529646448357640 0 11
189 6995778 1529646441362132 1529646448357651 1529646448357910 0 5
917 6832553 1529646441525612 1529646448357922 1529646448358165 0 30
561 6744320 1529646441614110 1529646448358176 1529646448358430 0 17
931 6605268 1529646441753412 1529646448358441 1529646448358680 0 31
198 6453930 1529646441905006 1529646448358691 1529646448358936 0 6
202 6416203 1529646441942974 1529646448358947 1529646448359177 0 7
215 6393636 1529646441965812 1529646448359188 1529646448359448 0 6
283045 6314825 1529646442047289 1529646448359460 1529646448362114 0 853
365598 6303988 1529646442061554 1529646448362128 1529646448365542 0 856
3110 6284677 1529646442081051 1529646448365558 1529646448365728 0 146
1075 6260705 1529646442105257 1529646448365744 1529646448365962 0 39
180 6202812 1529646442163416 1529646448365977 1529646448366228 0 5
745 6176234 1529646442190244 1529646448366241 1529646448366478 0 25
206 6099739 1529646442266997 1529646448366489 1529646448366736 0 6
2867 6081883 1529646442285059 1529646448366747 1529646448366942 0 117
1054 5798337 1529646442568908 1529646448366957 1529646448367245 0 29
1449 5716915 1529646442650516 1529646448367256 1529646448367431 0 66
1067 5663952 1529646442703707 1529646448367442 1529646448367659 0 39
2028 5391197 1529646442976644 1529646448367670 1529646448367841 0 94
180 5366416 1529646443001692 1529646448367852 1529646448368108 0 5
180 5116950 1529646443251404 1529646448368119 1529646448368354 0 6
1463 5074862 1529646443293709 1529646448368365 1529646448368571 0 56
596 4999732 1529646443369098 1529646448368590 1529646448368830 0 19
1346 4834383 1529646443534684 1529646448368842 1529646448369067 0 47
5462 4829189 1529646443540095 1529646448369078 1529646448369284 0 212
1284 4471775 1529646443897761 1529646448369296 1529646448369536 0 42
180 4286479 1529646444083313 1529646448369547 1529646448369792 0 5
4894 3903862 1529646444466105 1529646448369802 1529646448369967 0 237
55593840 4379419 1529646444480265 1529646448369978 1529646448859684 0 908
299022 4319999 1529646444542540 1529646448859699 1529646448862539 0 842
1566467 4203628 1529646444672870 1529646448862554 1529646448876498 0 898
65904 4159306 1529646444717913 1529646448876515 1529646448877219 0 748
236 4143968 1529646444733560 1529646448877235 1529646448877528 0 6
589 3671660 1529646445206105 1529646448877543 1529646448877765 0 21
180 3669679 1529646445208397 1529646448877781 1529646448878076 0 4
1386 3534075 1529646445344287 1529646448878092 1529646448878362 0 41
40153817 3849386 1529646445382801 1529646448878378 1529646449232187 0 907
461 3817581 1529646445414842 1529646449232208 1529646449232423 0 17
2291 3570671 1529646445661946 1529646449232439 1529646449232617 0 102
634045185 9104963 1529646445757327 1529646449232632 1529646454862290 0 138
2175 8982687 1529646445879807 1529646454862311 1529646454862494 0 95
1089 8924933 1529646445937819 1529646454862509 1529646454862752 0 35
1768 8717883 1529646446145048 1529646454862768 1529646454862931 0 86
455 8710142 1529646446153011 1529646454862947 1529646454863153 0 17
1473 8631206 1529646446232133 1529646454863168 1529646454863339 0 68
2515 8536056 1529646446327502 1529646454863355 1529646454863558 0 99
1006 7927200 1529646446936655 1529646454863573 1529646454863855 0 28
294 7830199 1529646447033886 1529646454863871 1529646454864085 0 10
2498432 6977263 1529646447909359 1529646454864101 1529646454886622 0 887
722 6724599 1529646448162314 1529646454886639 1529646454886913 0 21
1593 6577224 1529646448309888 1529646454886928 1529646454887112 0 69
1429 6523982 1529646448363302 1529646454887126 1529646454887284 0 72
1848 6244517 1529646448643006 1529646454887299 1529646454887523 0 66
365 6114839 1529646448772909 1529646454887534 1529646454887748 0 13
75623 5939845 1529646448948782 1529646454887763 1529646454888627 0 700
825 5868381 1529646449020486 1529646454888643 1529646454888867 0 29
32101 5635485 1529646449253855 1529646454888883 1529646454889340 0 561
602 5266211 1529646449623356 1529646454889356 1529646454889567 0 22
206 5232548 1529646449657221 1529646454889580 1529646454889769 0 8
6792 5138314 1529646449751666 1529646454889781 1529646454889980 0 273
512 5099398 1529646449790785 1529646454889992 1529646454890183 0 21
180 4742112 1529646450148285 1529646454890195 1529646454890397 0 7
869 4592513 1529646450298113 1529646454890408 1529646454890626 0 31
227 4404906 1529646450485924 1529646454890638 1529646454890830 0 9
180 4262624 1529646450628419 1529646454890841 1529646454891043 0 7
79365981 4783053 1529646450810403 1529646454891055 1529646455593456 0 903
125027 4663409 1529646450931294 1529646455593476 1529646455594703 0 815
265492 4656192 1529646450940997 1529646455594719 1529646455597189 0 859
1611 4613448 1529646450983924 1529646455597206 1529646455597372 0 77
1154 4583534 1529646451014092 1529646455597388 1529646455597626 0 38
815 4456085 1529646451141768 1529646455597642 1529646455597853 0 30
180 4274423 1529646451323641 1529646455597866 1529646455598064 0 7
180 4219385 1529646451378888 1529646455598075 1529646455598273 0 7
423 4158783 1529646451439708 1529646455598285 1529646455598491 0 16
1188 4087988 1529646451510730 1529646455598503 1529646455598718 0 44
286109 4002604 1529646451598826 1529646455598730 1529646455601430 0 847
7192 3276482 1529646452325171 1529646455601447 1529646455601653 0 279
8128 3129618 1529646452472258 1529646455601669 1529646455601876 0 314
154335 2936848 1529646452666598 1529646455601889 1529646455603446 0 792
331 2791108 1529646452812651 1529646455603462 1529646455603759 0 8
2467 2688085 1529646452915858 1529646455603773 1529646455603943 0 116
1368 2562040 1529646453042211 1529646455603957 1529646455604251 0 37
281655 2559506 1529646453047389 1529646455604265 1529646455606895 0 856
1046 2281926 1529646453325225 1529646455606907 1529646455607151 0 34
42988914 2335593 1529646453650311 1529646455607161 1529646455985904 0 908
6435 2138192 1529646453847909 1529646455985918 1529646455986101 0 281
689 1795441 1529646454190882 1529646455986114 1529646455986323 0 26
1086 1782493 1529646454204088 1529646455986335 1529646455986581 0 35
2463 1577563 1529646454409202 1529646455986593 1529646455986765 0 114
172763027 3074693 1529646454433643 1529646455986780 1529646457508336 0 908
1015 3060345 1529646454448222 1529646457508357 1529646457508567 0 38
1064 3026916 1529646454481850 1529646457508580 1529646457508766 0 45
49112909 3026990 1529646454914396 1529646457508778 1529646457941386 0 908
87450 2980088 1529646454962206 1529646457941404 1529646457942294 0 786
180 2847791 1529646455094796 1529646457942309 1529646457942587 0 5
139892 2809127 1529646455134857 1529646457942604 1529646457943984 0 810
860 2757865 1529646455186343 1529646457944000 1529646457944208 0 33
1869 2634591 1529646455309786 1529646457944221 1529646457944377 0 95
5031 2481064 1529646455463510 1529646457944388 1529646457944574 0 216
180 2432723 1529646455512059 1529646457944585 1529646457944782 0 7
881 2424353 1529646455520703 1529646457944794 1529646457945056 0 26
963 2263953 1529646455681346 1529646457945068 1529646457945299 0 33
545 2263674 1529646455681881 1529646457945311 1529646457945555 0 17
360753 2238808 1529646455710141 1529646457945567 1529646457948949 0 853
180 2052764 1529646455896396 1529646457948966 1529646457949160 0 7
2234 2020707 1529646455928660 1529646457949173 1529646457949367 0 92
1093 1908966 1529646456040681 1529646457949378 1529646457949647 0 32
693 1842873 1529646456106999 1529646457949658 1529646457949872 0 25
1413 1758164 1529646456191991 1529646457949884 1529646457950155 0 41
969 1689568 1529646456260819 1529646457950166 1529646457950387 0 35
180 1680428 1529646456270210 1529646457950398 1529646457950638 0 6
468 1622368 1529646456328516 1529646457950649 1529646457950884 0 15
1053 1580726 1529646456370434 1529646457950895 1529646457951160 0 31
180 1494973 1529646456456405 1529646457951172 1529646457951378 0 6
863 1392789 1529646456558872 1529646457951388 1529646457951661 0 25
2043 1373152 1529646456578677 1529646457951671 1529646457951829 0 103
2386349 1294059 1529646456678956 1529646457951838 1529646457973015 0 901
189 1263878 1529646456709400 1529646457973032 1529646457973278 0 6
1119 1132732 1529646456840805 1529646457973291 1529646457973537 0 36
967 840131 1529646457133639 1529646457973549 1529646457973770 0 35
212 700938 1529646457273047 1529646457973782 1529646457973985 0 8
161510 628191 1529646457347388 1529646457973996 1529646457975579 0 816
180 430083 1529646457545713 1529646457975593 1529646457975796 0 7
1050 301328 1529646457674703 1529646457975808 1529646457976031 0 37
3574 286876 1529646457689339 1529646457976043 1529646457976215 0 166
182 105480 1529646457870943 1529646457976227 1529646457976423 0 7
830249696 7358480 1529646457928867 1529646457976434 1529646465287347 0 321
248 7260970 1529646458026606 1529646465287378 1529646465287576 0 10
4581 7223205 1529646458064547 1529646465287590 1529646465287752 0 226
1852 7023960 1529646458263966 1529646465287766 1529646465287926 0 92
180 6870441 1529646458417726 1529646465287940 1529646465288167 0 6
180 6775941 1529646458512448 1529646465288181 1529646465288389 0 6
5062 6704550 1529646458584024 1529646465288403 1529646465288574 0 236
278478 6579652 1529646458711529 1529646465288586 1529646465291181 0 858
180 6470064 1529646458821379 1529646465291193 1529646465291443 0 5
180 6348513 1529646458943354 1529646465291597 1529646465291867 0 5
1053 6329739 1529646458962440 1529646465291881 1529646465292179 0 28
180 6237734 1529646459054669 1529646465292193 1529646465292403 0 6
614 6224838 1529646459067841 1529646465292416 1529646465292679 0 18
180 5950161 1529646459342748 1529646465292690 1529646465292909 0 6
236 5847136 1529646459446044 1529646465292919 1529646465293180 0 7
610 5768453 1529646459524996 1529646465293190 1529646465293449 0 18
2197 5489886 1529646459803759 1529646465293459 1529646465293645 0 94
192 5462154 1529646459831749 1529646465293655 1529646465293903 0 6
6729 5448469 1529646459845626 1529646465293911 1529646465294095 0 292
180 5056746 1529646460237559 1529646465294106 1529646465294305 0 7
2799 4806516 1529646460488012 1529646465294315 1529646465294528 0 105
187 4612990 1529646460681832 1529646465294542 1529646465294822 0 5
413 4392975 1529646460902063 1529646465294836 1529646465295038 0 16
191 4336990 1529646460958312 1529646465295049 1529646465295302 0 6
182 4244248 1529646461051377 1529646465295318 1529646465295625 0 4
3155 3992730 1529646461303098 1529646465295637 1529646465295828 0 132
87143 3869417 1529646461427353 1529646465295842 1529646465296770 0 751
1637 3717507 1529646461579438 1529646465296785 1529646465296945 0 81
183 3405199 1529646461891957 1529646465296956 1529646465297156 0 7
416 3108335 1529646462189097 1529646465297167 1529646465297432 0 12
2367 3044367 1529646462253236 1529646465297442 1529646465297603 0 117
1334 2965985 1529646462331849 1529646465297612 1529646465297834 0 48
891 2832607 1529646462465492 1529646465297844 1529646465298099 0 27
277 2822028 1529646462476281 1529646465298109 1529646465298309 0 11
137645 2817384 1529646462482406 1529646465298319 1529646465299790 0 748
2123 2645252 1529646462654718 1529646465299804 1529646465299970 0 102
969 2431084 1529646462869121 1529646465299985 1529646465300205 0 35
851 2362242 1529646462938266 1529646465300218 1529646465300508 0 23
208 2280086 1529646463020657 1529646465300521 1529646465300743 0 7
405 2164238 1529646463136736 1529646465300756 1529646465300974 0 14
306 2063068 1529646463238161 1529646465300987 1529646465301229 0 10
546 1974981 1529646463326467 1529646465301240 1529646465301448 0 21
9663 1792823 1529646463508866 1529646465301459 1529646465301689 0 336
139834 1776021 1529646463527053 1529646465301700 1529646465303074 0 814
194 1670121 1529646463633167 1529646465303086 1529646465303288 0 7
1381104 1606155 1529646463709418 1529646465303298 1529646465315573 0 900
192 1569764 1529646463746129 1529646465315587 1529646465315893 0 5
233 1469853 1529646463846363 1529646465315909 1529646465316216 0 6
499 1189865 1529646464126583 1529646465316232 1529646465316448 0 18
1429 1017261 1529646464299375 1529646465316464 1529646465316636 0 66
211 989335 1529646464327607 1529646465316652 1529646465316942 0 5
180 854032 1529646464463132 1529646465316957 1529646465317164 0 6
2410 839726 1529646464477637 1529646465317180 1529646465317363 0 105
204 622818 1529646464694850 1529646465317378 1529646465317668 0 5
596 509475 1529646464808423 1529646465317684 1529646465317898 0 22
6553 140263 1529646465177871 1529646465317913 1529646465318134 0 237
990 358 1529646465319598 1529646465319646 1529646465319956 0 25
1458 312 1529646465416829 1529646465416873 1529646465417141 0 43
214738 2239 1529646465586183 1529646465586226 1529646465588422 0 782
655 450 1529646465920203 1529646465920275 1529646465920653 0 13
180 559 1529646466023524 1529646466023610 1529646466024083 0 3
5705 466 1529646466110726 1529646466110808 1529646466111192 0 118
189 494 1529646466343530 1529646466343618 1529646466344024 0 3
190 449 1529646466551321 1529646466551403 1529646466551770 0 4
471 493 1529646467085122 1529646467085203 1529646467085615 0 9
432120 4715 1529646467471168 1529646467471249 1529646467475883 0 745
188171 2029 1529646467484415 1529646467484498 1529646467486444 0 773
587299 5474 1529646467516200 1529646467516245 1529646467521674 0 865
329 514 1529646467679266 1529646467679281 1529646467679780 0 5
2424217 21696 1529646467707510 1529646467707612 1529646467729206 0 898
