start:1529638663166910 end:1529638803910470
945 551 1529638663539891 1529638663540007 1529638663540442 0 17
6891 359 1529638663577715 1529638663577799 1529638663578074 0 200
977 547 1529638663642128 1529638663642219 1529638663642675 0 17
210 560 1529638663643545 1529638663643633 1529638663644105 0 3
945 519 1529638663822691 1529638663822796 1529638663823210 0 18
1017 438 1529638663958632 1529638663958728 1529638663959070 0 23
960 453 1529638664034235 1529638664034336 1529638664034688 0 21
1122 478 1529638664051316 1529638664051420 1529638664051794 0 24
210 533 1529638664069094 1529638664069196 1529638664069627 0 3
277 454 1529638664121153 1529638664121260 1529638664121607 0 6
2185175 19984 1529638664650867 1529638664650968 1529638664670851 0 879
206 431 1529638664806526 1529638664806623 1529638664806957 0 4
210 493 1529638664875274 1529638664875377 1529638664875767 0 4
273952 2738 1529638664881821 1529638664881926 1529638664884559 0 832
2203 310 1529638664992268 1529638664992373 1529638664992578 0 85
905 415 1529638665072549 1529638665072651 1529638665072964 0 23
2243 383 1529638665095315 1529638665095414 1529638665095698 0 63
2119 312 1529638665357135 1529638665357238 1529638665357447 0 81
214 495 1529638665371351 1529638665371453 1529638665371846 0 4
569 568 1529638665421512 1529638665421615 1529638665422080 0 9
891 484 1529638665731306 1529638665731404 1529638665731790 0 18
261349 2731 1529638665801385 1529638665801491 1529638665804116 0 796
180 462 1529638666075351 1529638666075463 1529638666075813 0 4
80772 1037 1529638666157326 1529638666157426 1529638666158363 0 689
61988303 789838 1529638666180569 1529638666180664 1529638666970407 0 627
701580 234667 1529638666742217 1529638666970489 1529638666976884 0 877
66690556 769087 1529638666796388 1529638666976975 1529638667565475 0 906
631 718981 1529638666846845 1529638667565564 1529638667565826 0 19
74108 595695 1529638666971063 1529638667565924 1529638667566758 0 710
271285824 3092766 1529638667103491 1529638667566820 1529638670196257 0 825
720 2726542 1529638667470158 1529638670196357 1529638670196700 0 16
586 2675870 1529638667521204 1529638670196781 1529638670197074 0 16
180 2644144 1529638667553215 1529638670197154 1529638670197359 0 7
560 2464226 1529638667733433 1529638670197432 1529638670197659 0 19
2672 2463415 1529638667734556 1529638670197743 1529638670197971 0 93
470 2203920 1529638667994410 1529638670198052 1529638670198330 0 13
2151883 2075532 1529638668141998 1529638670198410 1529638670217530 0 900
215727 2018236 1529638668201448 1529638670217631 1529638670219684 0 840
180 1905187 1529638668314860 1529638670219772 1529638670220047 0 5
1134 1902525 1529638668317866 1529638670220131 1529638670220391 0 34
195 1856081 1529638668364661 1529638670220471 1529638670220742 0 5
1533 1816978 1529638668404025 1529638670220819 1529638670221003 0 66
877527 1544872 1529638668684209 1529638670221085 1529638670229081 0 877
963 1407251 1529638668822101 1529638670229133 1529638670229352 0 35
2149 1376201 1529638668853385 1529638670229393 1529638670229586 0 89
441 1333300 1529638668896571 1529638670229634 1529638670229871 0 14
1391 1201149 1529638669029050 1529638670229927 1529638670230199 0 40
180 1106929 1529638669123673 1529638670230252 1529638670230602 0 4
57554994 1577896 1529638669401446 1529638670230660 1529638670979342 0 615
206 1526130 1529638669453561 1529638670979428 1529638670979691 0 6
213 1026891 1529638669953147 1529638670979776 1529638670980038 0 6
4847 791976 1529638670188400 1529638670980116 1529638670980376 0 149
2765 521896 1529638670458854 1529638670980482 1529638670980750 0 82
440 368048 1529638670613112 1529638670980858 1529638670981160 0 11
180 215816 1529638670765728 1529638670981241 1529638670981544 0 4
1894 327 1529638671114844 1529638671114917 1529638671115171 0 59
202 538 1529638671151729 1529638671151834 1529638671152267 0 3
40737560 359086 1529638671291924 1529638671292025 1529638671651010 0 907
287 269577 1529638671381750 1529638671651097 1529638671651327 0 9
534 255024 1529638671396660 1529638671651401 1529638671651684 0 15
4081 236720 1529638671415244 1529638671651765 1529638671651964 0 164
5092 207150 1529638671445157 1529638671652057 1529638671652307 0 162
1408 135386 1529638671517275 1529638671652390 1529638671652661 0 41
9084 401 1529638671767758 1529638671767862 1529638671768159 0 244
1034 490 1529638671808754 1529638671808856 1529638671809244 0 21
755 584 1529638672402259 1529638672402361 1529638672402843 0 12
1081 640 1529638672508089 1529638672508194 1529638672508729 0 16
2153315 19427 1529638672754151 1529638672754280 1529638672773578 0 892
9123 384 1529638672881807 1529638672881903 1529638672882191 0 253
454269518 7873896 1529638672930473 1529638672930598 1529638680804369 0 461
2884640 122353 1529638672955593 1529638672955670 1529638673077946 0 188
58085424 1507387 1529638673066669 1529638673077964 1529638674574056 0 310
708 642 1529638673132122 1529638673132190 1529638673132764 0 9
244 432 1529638673264287 1529638673264306 1529638673264719 0 4
1086 831 1529638673601822 1529638673601867 1529638673602653 0 11
643 912 1529638673868547 1529638673868630 1529638673869459 0 6
706 672 1529638673896349 1529638673896430 1529638673897021 0 9
585 610 1529638673958440 1529638673958476 1529638673959050 0 8
1575045 623493 1529638673981097 1529638674574075 1529638674604590 0 412
1854 622 1529638674101276 1529638674101338 1529638674101898 0 26
238728 283084 1529638674325304 1529638674604648 1529638674608388 0 510
180 494 1529638674377401 1529638674377504 1529638674377895 0 3
5017 131578 1529638674477484 1529638674608455 1529638674609062 0 66
308353 5307 1529638674720588 1529638674720668 1529638674725895 0 471
860233 5909154 1529638674903188 1529638680804455 1529638680812342 0 872
870080710 17417453 1529638675379732 1529638675379867 1529638692797185 0 153
189 354 1529638675524752 1529638675524770 1529638675525106 0 4
1304 897 1529638675625734 1529638675625802 1529638675626631 0 12
304035 5450 1529638676179226 1529638676179318 1529638676184676 0 453
1317 524 1529638676331696 1529638676331783 1529638676332220 0 24
650687097 16585124 1529638676345660 1529638676345785 1529638692930784 0 54
1699 552 1529638676354594 1529638676354632 1529638676355146 0 26
9190 766 1529638676459691 1529638676459750 1529638676460457 0 103
53466 4279538 1529638676533548 1529638680812427 1529638680813086 0 649
1027 683 1529638676755185 1529638676755217 1529638676755868 0 12
1285 364 1529638676764188 1529638676764274 1529638676764552 0 36
1950356 3971413 1529638676859605 1529638680813181 1529638680831018 0 874
193 493 1529638676941510 1529638676941541 1529638676942003 0 3
905 1309 1529638676979732 1529638676979823 1529638676981041 0 5
347 688 1529638677156618 1529638677156683 1529638677157306 0 4
3145 462 1529638677171865 1529638677171947 1529638677172327 0 66
8652 678 1529638677250886 1529638677250920 1529638677251564 0 107
203 1215 1529638677423035 1529638677423065 1529638677424250 0 1
2181 606 1529638677470662 1529638677470747 1529638677471268 0 33
1239 646 1529638677811826 1529638677811883 1529638677812472 0 16
515 685 1529638677944412 1529638677944440 1529638677945097 0 6
180 1420 1529638678038378 1529638678038450 1529638678039798 0 1
801 357 1529638678255480 1529638678255504 1529638678255837 0 19
3805 858 1529638678506007 1529638678506026 1529638678506865 0 36
1061 637 1529638678577979 1529638678577998 1529638678578616 0 13
1071 714 1529638678621496 1529638678621512 1529638678622210 0 12
3277 774 1529638678685444 1529638678685533 1529638678686218 0 38
747 326 1529638679417994 1529638679418012 1529638679418320 0 19
195 689 1529638679501958 1529638679501978 1529638679502647 0 2
1617 664 1529638679890055 1529638679890074 1529638679890719 0 20
3056929 12900147 1529638679948135 1529638692797201 1529638692848282 0 478
42236 861900 1529638679969771 1529638680831078 1529638680831671 0 569
3007 724 1529638680013704 1529638680013720 1529638680014428 0 33
695 527 1529638680080503 1529638680080591 1529638680081030 0 12
490 932 1529638680182913 1529638680182996 1529638680183845 0 4
192547 273743 1529638680559936 1529638680831756 1529638680833679 0 801
1837 866 1529638680564753 1529638680564852 1529638680565619 0 19
180 1073 1529638680630627 1529638680630746 1529638680631700 0 1
29828 75620 1529638680758521 1529638680833717 1529638680834141 0 562
25007461 12345635 1529638680771012 1529638692848338 1529638693116647 0 745
8389 648 1529638680883417 1529638680883436 1529638680884065 0 106
6245 573 1529638681303169 1529638681303184 1529638681303742 0 89
186 1091 1529638681844921 1529638681845006 1529638681846012 0 1
355660 5347 1529638681930613 1529638681930631 1529638681935960 0 533
204 1052 1529638681947432 1529638681947561 1529638681948484 0 1
497 838 1529638681953394 1529638681953492 1529638681954232 0 5
602 806 1529638682077403 1529638682077486 1529638682078209 0 6
190 780 1529638682224987 1529638682225066 1529638682225767 0 2
1593 367 1529638682272032 1529638682272138 1529638682272399 0 48
2397 871 1529638682529183 1529638682529263 1529638682530054 0 24
5087 577 1529638682605863 1529638682605880 1529638682606440 0 72
627 400 1529638682662841 1529638682662860 1529638682663241 0 13
492 612 1529638682727467 1529638682727484 1529638682728079 0 6
869 940 1529638682772464 1529638682772482 1529638682773404 0 7
619 664 1529638683309465 1529638683309556 1529638683310129 0 8
180 979 1529638683314877 1529638683314970 1529638683315856 0 1
194 614 1529638683381302 1529638683381396 1529638683381916 0 2
180 842 1529638683412680 1529638683412780 1529638683413522 0 1
927 887 1529638683486680 1529638683486785 1529638683487567 0 9
991 661 1529638683607395 1529638683607518 1529638683608056 0 14
2926 618 1529638683674030 1529638683674045 1529638683674648 0 38
193 676 1529638683822527 1529638683822627 1529638683823203 0 2
180 782 1529638684145507 1529638684145603 1529638684146289 0 2
180 825 1529638684150136 1529638684150234 1529638684150961 0 1
8581 312 1529638684329195 1529638684329214 1529638684329507 0 234
180 555 1529638684394950 1529638684395054 1529638684395505 0 3
1589616 18131 1529638684491258 1529638684491277 1529638684509389 0 702
212 594 1529638684628908 1529638684629008 1529638684629502 0 3
1738 553 1529638684965830 1529638684965927 1529638684966383 0 30
185 994 1529638685038214 1529638685038351 1529638685039208 0 1
2992 788 1529638685088365 1529638685088380 1529638685089153 0 30
2970 805 1529638685285738 1529638685285756 1529638685286543 0 30
387037770 11687996 1529638685287553 1529638693116741 1529638696975549 0 802
886 886 1529638685313804 1529638685313935 1529638685314690 0 9
278482 3391 1529638685333804 1529638685333820 1529638685337195 0 660
698 747 1529638685620188 1529638685620286 1529638685620935 0 8
207898 2918 1529638686154018 1529638686154033 1529638686156936 0 572
2647 485 1529638686247240 1529638686247339 1529638686247725 0 54
180 834 1529638686252062 1529638686252140 1529638686252896 0 1
998 432 1529638686404619 1529638686404728 1529638686405051 0 24
212 449 1529638686535509 1529638686535528 1529638686535958 0 3
3810 924 1529638686930251 1529638686930330 1529638686931175 0 36
3106 704 1529638687143613 1529638687143633 1529638687144317 0 36
1989 892 1529638687597793 1529638687597813 1529638687598685 0 18
8694 645 1529638688161168 1529638688161185 1529638688161813 0 110
377 783 1529638688217765 1529638688217908 1529638688218548 0 4
180 614 1529638688226162 1529638688226283 1529638688226776 0 2
1191 536 1529638688307931 1529638688308020 1529638688308467 0 21
35598968 8971824 1529638688317473 1529638696975647 1529638697289297 0 907
372 621 1529638688335350 1529638688335452 1529638688335971 0 5
5792 325 1529638688435378 1529638688435397 1529638688435703 0 151
187 1048 1529638688517571 1529638688517683 1529638688518619 0 1
1358 1065 1529638688532814 1529638688532895 1529638688533879 0 11
55418491 9203791 1529638688573719 1529638697289378 1529638697777510 0 908
299600 6320 1529638688674558 1529638688674573 1529638688680878 0 380
734 574 1529638688688215 1529638688688296 1529638688688789 0 11
200590 3764 1529638688914311 1529638688914326 1529638688918075 0 428
1935336 34241 1529638689031583 1529638689031599 1529638689065824 0 452
1038 675 1529638689042063 1529638689042179 1529638689042738 0 14
213 515 1529638689094281 1529638689094337 1529638689094796 0 3
462 695 1529638689318713 1529638689318813 1529638689319408 0 6
9161 493 1529638689322971 1529638689322987 1529638689323464 0 153
1056 609 1529638689380370 1529638689380437 1529638689380979 0 15
3672 882 1529638689733473 1529638689733491 1529638689734355 0 34
180 1007 1529638689845454 1529638689845505 1529638689846461 0 1
2568 642 1529638690204568 1529638690204624 1529638690205210 0 35
308 1668 1529638690295438 1529638690295514 1529638690297106 0 1
316 870 1529638690503649 1529638690503732 1529638690504519 0 3
958 885 1529638690979381 1529638690979421 1529638690980266 0 9
1092 876 1529638691165822 1529638691165909 1529638691166698 0 11
3722 352 1529638691181854 1529638691181952 1529638691182206 0 117
1128 881 1529638691307004 1529638691307066 1529638691307885 0 11
767 386 1529638691324715 1529638691324801 1529638691325101 0 20
180 893 1529638691454458 1529638691454537 1529638691455351 0 1
210 641 1529638691481665 1529638691481742 1529638691482306 0 2
2889 551 1529638691686759 1529638691686853 1529638691687310 0 50
46976618 6422831 1529638691768608 1529638697777598 1529638698191439 0 908
334317 7178 1529638691996333 1529638691996351 1529638692003511 0 373
180 580 1529638692077581 1529638692077637 1529638692078161 0 2
1684 642 1529638692078751 1529638692078827 1529638692079393 0 23
180 712 1529638692170414 1529638692170476 1529638692171126 0 2
180 784 1529638692521955 1529638692522026 1529638692522739 0 2
182 760 1529638692540927 1529638692540987 1529638692541687 0 2
1483 535 1529638692551481 1529638692551501 1529638692552016 0 23
741 737 1529638692643127 1529638692643175 1529638692643864 0 8
223 578 1529638692702384 1529638692702418 1529638692702962 0 3
180 372 1529638692804416 1529638692804430 1529638692804788 0 4
180 477 1529638692845102 1529638692845159 1529638692845579 0 3
1789192 29840 1529638692896749 1529638692896767 1529638692926589 0 479
2111 625 1529638692994473 1529638692994528 1529638692995098 0 29
199 802 1529638693045427 1529638693045519 1529638693046229 0 2
33528380 5485843 1529638693242228 1529638698191531 1529638698728071 0 499
180 500 1529638693249577 1529638693249688 1529638693250077 0 3
180 629 1529638693571878 1529638693571955 1529638693572507 0 2
589 937 1529638694148145 1529638694148220 1529638694149082 0 5
2745 565 1529638694262198 1529638694262311 1529638694262763 0 48
180 619 1529638694482004 1529638694482091 1529638694482623 0 2
885 452 1529638694582769 1529638694582880 1529638694583221 0 20
2883 633 1529638694750277 1529638694750351 1529638694750910 0 41
2987 421 1529638694793568 1529638694793647 1529638694793989 0 69
214 487 1529638695040754 1529638695040866 1529638695041241 0 4
309 944 1529638695478645 1529638695478725 1529638695479589 0 2
119235 5794 1529638695545955 1529638695545974 1529638695551749 0 165
2746 763 1529638695614173 1529638695614263 1529638695614936 0 32
935 707 1529638695693946 1529638695694039 1529638695694653 0 12
402 906 1529638695780375 1529638695780450 1529638695781281 0 3
17645154 3058162 1529638695825554 1529638698728152 1529638698883716 0 907
758 962 1529638695856668 1529638695856735 1529638695857630 0 6
1020 459 1529638695915103 1529638695915192 1529638695915562 0 22
1008 605 1529638696028592 1529638696028653 1529638696029197 0 14
180 705 1529638696255191 1529638696255271 1529638696255896 0 2
467 542 1529638696322190 1529638696322300 1529638696322732 0 8
180 540 1529638696336978 1529638696337083 1529638696337518 0 3
930 555 1529638696435223 1529638696435327 1529638696435778 0 16
5314 754 1529638696596277 1529638696596297 1529638696597031 0 57
602 753 1529638696716804 1529638696716871 1529638696717557 0 7
418 950 1529638696846284 1529638696846349 1529638696847234 0 3
204 608 1529638696896571 1529638696896631 1529638696897179 0 2
241270 5373 1529638696943299 1529638696943319 1529638696948672 0 360
633 767 1529638696995169 1529638696995231 1529638696995936 0 7
4071 785 1529638697057711 1529638697057811 1529638697058496 0 47
871 736 1529638697475862 1529638697475962 1529638697476598 0 10
248 837 1529638697550414 1529638697550493 1529638697551251 0 2
1835 371 1529638697631727 1529638697631807 1529638697632098 0 50
180 942 1529638697958767 1529638697958840 1529638697959709 0 1
1088 807 1529638698047308 1529638698047422 1529638698048115 0 12
2339 795 1529638698058255 1529638698058347 1529638698059050 0 26
964 938 1529638698276806 1529638698276881 1529638698277744 0 8
180 517 1529638698510000 1529638698510106 1529638698510517 0 3
1621 474 1529638698653260 1529638698653341 1529638698653734 0 32
180 951 1529638698843833 1529638698843907 1529638698844784 0 1
1079 346 1529638698911300 1529638698911399 1529638698911646 0 34
298879 2839 1529638699111047 1529638699111066 1529638699113886 0 847
298711 2804 1529638699184002 1529638699184019 1529638699186806 0 857
554 612 1529638699596373 1529638699596483 1529638699596985 0 8
1109 618 1529638699656447 1529638699656552 1529638699657065 0 17
218 534 1529638699699867 1529638699699972 1529638699700401 0 4
1576 311 1529638699710471 1529638699710577 1529638699710782 0 61
809 510 1529638699904237 1529638699904341 1529638699904747 0 15
529 573 1529638700444179 1529638700444288 1529638700444752 0 9
1475 377 1529638700544714 1529638700544820 1529638700545091 0 43
369203 3857 1529638700751171 1529638700751190 1529638700755028 0 769
378582 3693 1529638700823777 1529638700823794 1529638700827470 0 823
188 418 1529638700856405 1529638700856508 1529638700856823 0 4
7214 300 1529638700996707 1529638700996726 1529638700997007 0 205
31644 487 1529638701055820 1529638701055837 1529638701056307 0 538
2818 408 1529638701223145 1529638701223241 1529638701223553 0 72
54099942 543828 1529638701606153 1529638701606260 1529638702149981 0 795
298 817 1529638701619517 1529638701619539 1529638701620334 0 2
867836204 9829669 1529638701667940 1529638701667961 1529638711497609 0 269
1633 909 1529638701838281 1529638701838386 1529638701839190 0 16
952 699 1529638701897014 1529638701897111 1529638701897713 0 12
2403 640 1529638701966602 1529638701966700 1529638701967242 0 35
1484 371 1529638702073276 1529638702073364 1529638702073647 0 41
205083 4846 1529638702118764 1529638702118781 1529638702123610 0 339
180 862 1529638702134371 1529638702134453 1529638702135233 0 1
9068 750 1529638702248779 1529638702248793 1529638702249529 0 98
450 652 1529638702264352 1529638702264445 1529638702265004 0 6
707 617 1529638702307987 1529638702308082 1529638702308604 0 10
574 516 1529638702479876 1529638702479983 1529638702480392 0 11
289544 3905 1529638702571240 1529638702571260 1529638702575145 0 596
290 942 1529638702608706 1529638702608832 1529638702609648 0 2
180 928 1529638702616738 1529638702616818 1529638702617666 0 1
8397 698 1529638702685888 1529638702685906 1529638702686586 0 98
201 857 1529638702732301 1529638702732399 1529638702733158 0 2
302734 3926 1529638702847647 1529638702847665 1529638702851573 0 619
6239 914 1529638703138807 1529638703138825 1529638703139721 0 55
191 773 1529638703264607 1529638703264711 1529638703265380 0 2
99263801 9204103 1529638703409676 1529638711497722 1529638712613779 0 711
200 793 1529638703584145 1529638703584238 1529638703584938 0 2
927485 11317 1529638703658632 1529638703658647 1529638703669949 0 656
190 909 1529638703775822 1529638703775921 1529638703776731 0 1
780 560 1529638703891559 1529638703891646 1529638703892119 0 13
1390 508 1529638703919118 1529638703919203 1529638703919626 0 26
180 519 1529638703996600 1529638703996695 1529638703997119 0 3
1828324 21624 1529638704104558 1529638704104640 1529638704126182 0 678
189 561 1529638704360174 1529638704360286 1529638704360735 0 3
707 601 1529638704397658 1529638704397772 1529638704398259 0 11
67471 932 1529638704490977 1529638704490997 1529638704491909 0 591
4336 323 1529638704535203 1529638704535221 1529638704535526 0 113
84538 1651 1529638704620135 1529638704620151 1529638704621786 0 413
73008627 8559053 1529638704699129 1529638712613866 1529638713258182 0 906
779 690 1529638704781171 1529638704781273 1529638704781861 0 10
2355 347 1529638704972002 1529638704972017 1529638704972349 0 56
9307 516 1529638704994286 1529638704994300 1529638704994802 0 148
6912 758 1529638705243115 1529638705243131 1529638705243873 0 74
974 670 1529638705289713 1529638705289808 1529638705290383 0 13
1815 845 1529638705340047 1529638705340063 1529638705340892 0 17
6435 438 1529638705347399 1529638705347412 1529638705347837 0 121
435 850 1529638705353386 1529638705353476 1529638705354236 0 4
974 585 1529638705455131 1529638705455223 1529638705455716 0 15
327960 4992 1529638705697975 1529638705697991 1529638705702967 0 527
180 608 1529638705777592 1529638705777685 1529638705778200 0 2
683 872 1529638705798531 1529638705798637 1529638705799403 0 7
3251 476 1529638706143210 1529638706143225 1529638706143686 0 56
59996647 1289863 1529638706260881 1529638706260983 1529638707550744 0 372
194 548 1529638706462147 1529638706462253 1529638706462695 0 3
4169 889 1529638706671143 1529638706671165 1529638706672032 0 38
180 645 1529638706679373 1529638706679474 1529638706680018 0 2
3953 512 1529638706690512 1529638706690526 1529638706691024 0 63
2687311 858607 1529638706740643 1529638707550838 1529638707599250 0 444
863 785 1529638706826198 1529638706826293 1529638706826983 0 10
2720 817 1529638706917441 1529638706917458 1529638706918258 0 27
661 701 1529638706999694 1529638706999763 1529638707000395 0 8
180 725 1529638707167791 1529638707167884 1529638707168516 0 2
959 882 1529638707183108 1529638707183200 1529638707183990 0 9
321 1063 1529638707186530 1529638707186635 1529638707187593 0 2
285 684 1529638707300496 1529638707300598 1529638707301180 0 3
621 647 1529638707530244 1529638707530338 1529638707530891 0 8
3001 423 1529638707719321 1529638707719337 1529638707719744 0 58
168805 4125 1529638707758947 1529638707758963 1529638707763072 0 328
180 896 1529638708031373 1529638708031467 1529638708032269 0 1
796 541 1529638708054723 1529638708054823 1529638708055264 0 14
180 746 1529638708272550 1529638708272644 1529638708273296 0 2
76041 1965 1529638708286769 1529638708286795 1529638708288734 0 313
1789 430 1529638708420499 1529638708420609 1529638708420929 0 44
180 473 1529638708424096 1529638708424199 1529638708424569 0 3
184589 5500 1529638708602499 1529638708602518 1529638708607999 0 269
1365 914 1529638708791828 1529638708791924 1529638708792742 0 13
750 630 1529638708896529 1529638708896622 1529638708897159 0 11
180 532 1529638708972383 1529638708972469 1529638708972915 0 3
272457 6409 1529638709038900 1529638709038915 1529638709045309 0 340
7329 535 1529638709179123 1529638709179140 1529638709179658 0 113
316 1033 1529638709227497 1529638709227579 1529638709228530 0 2
339077 7144 1529638709227644 1529638709227658 1529638709234788 0 380
1359 645 1529638709233008 1529638709233075 1529638709233653 0 18
206 832 1529638709383189 1529638709383282 1529638709384021 0 2
356253 7004 1529638709896459 1529638709896475 1529638709903463 0 407
1060 659 1529638709915449 1529638709915554 1529638709916108 0 15
206952 2754 1529638710137731 1529638710137746 1529638710140485 0 604
2244 707 1529638710592599 1529638710592620 1529638710593306 0 26
351 470 1529638710768357 1529638710768448 1529638710768827 0 7
984 846 1529638711370411 1529638711370551 1529638711371257 0 11
378 545 1529638711593015 1529638711593124 1529638711593560 0 6
8359 442 1529638711686672 1529638711686689 1529638711687114 0 157
4632 800 1529638711925092 1529638711925110 1529638711925892 0 47
295 756 1529638711937179 1529638711937279 1529638711937935 0 3
2914 790 1529638712051924 1529638712051942 1529638712052714 0 30
6943 443 1529638712126897 1529638712126914 1529638712127340 0 130
1982 322 1529638712456995 1529638712457014 1529638712457317 0 52
180 434 1529638712480847 1529638712480944 1529638712481281 0 4
328 453 1529638712546204 1529638712546313 1529638712546657 0 7
92615 2828 1529638712600471 1529638712600494 1529638712603299 0 264
196 737 1529638712648857 1529638712648935 1529638712649594 0 2
1946 797 1529638712689018 1529638712689035 1529638712689815 0 19
403 746 1529638712726335 1529638712726427 1529638712727081 0 4
6488 716 1529638712741915 1529638712741933 1529638712742631 0 74
1761 314 1529638712801968 1529638712801985 1529638712802282 0 47
121553 2318 1529638713168335 1529638713168353 1529638713170653 0 422
1569 607 1529638713200022 1529638713200129 1529638713200629 0 25
1005 321 1529638713274624 1529638713274719 1529638713274945 0 35
882 277 1529638713275469 1529638713275494 1529638713275746 0 28
1111 584 1529638713358034 1529638713358138 1529638713358618 0 18
1974 289 1529638713370694 1529638713370711 1529638713370983 0 58
1333 568 1529638713569284 1529638713569389 1529638713569852 0 23
942 557 1529638713899671 1529638713899773 1529638713900228 0 16
180 544 1529638713948964 1529638713949069 1529638713949508 0 3
1398 425 1529638714152572 1529638714152675 1529638714152997 0 34
190886 1927 1529638714186983 1529638714187006 1529638714188910 0 802
271 440 1529638714187949 1529638714188032 1529638714188389 0 6
112284 1241 1529638714340020 1529638714340107 1529638714341261 0 778
2630 396 1529638714389539 1529638714389629 1529638714389935 0 68
1081197 9902 1529638714527134 1529638714527222 1529638714537036 0 881
2375 341 1529638714587892 1529638714587976 1529638714588233 0 73
68876198 626195 1529638714738155 1529638714738243 1529638715364350 0 880
358514 6655 1529638714792357 1529638714792443 1529638714799012 0 436
2297 522 1529638714987906 1529638714987988 1529638714988428 0 41
1847242 32717 1529638715127935 1529638715128020 1529638715160652 0 452
44085 663 1529638715394764 1529638715394849 1529638715395427 0 610
8112 317 1529638715435620 1529638715435709 1529638715435937 0 284
9343 357 1529638715581439 1529638715581535 1529638715581796 0 286
426 372 1529638716053432 1529638716053522 1529638716053804 0 12
2495455 22443 1529638716059233 1529638716059323 1529638716081676 0 893
212 741 1529638716064436 1529638716064516 1529638716065177 0 2
275321 2898 1529638716202330 1529638716202417 1529638716205228 0 783
5667 416 1529638716381161 1529638716381248 1529638716381577 0 137
2952 407 1529638716451748 1529638716451836 1529638716452155 0 74
663 558 1529638716525356 1529638716525448 1529638716525914 0 11
4623 385 1529638716534017 1529638716534106 1529638716534402 0 124
267495988 2596979 1529638716537478 1529638716537598 1529638719134457 0 824
258 556 1529638716547715 1529638716547804 1529638716548271 0 4
203 914 1529638717130844 1529638717130929 1529638717131758 0 1
1722 827 1529638717236483 1529638717236598 1529638717237310 0 19
726 452 1529638717334394 1529638717334479 1529638717334846 0 15
1097 1189 1529638717790409 1529638717790490 1529638717791598 0 7
1007 802 1529638717923899 1529638717923984 1529638717924701 0 11
645 836 1529638718276559 1529638718276642 1529638718277395 0 6
8301 337 1529638718400650 1529638718400744 1529638718400987 0 273
5723 376 1529638718481378 1529638718481467 1529638718481754 0 159
936 450 1529638718499849 1529638718499932 1529638718500299 0 20
1472 363 1529638718576625 1529638718576704 1529638718576988 0 41
1290174 12194 1529638718579733 1529638718579822 1529638718591927 0 852
1076 682 1529638718646446 1529638718646544 1529638718647128 0 14
9343 807 1529638718765184 1529638718765267 1529638718765991 0 103
180 461 1529638719188157 1529638719188246 1529638719188618 0 3
350 630 1529638719402029 1529638719402119 1529638719402659 0 5
184 470 1529638719593385 1529638719593473 1529638719593855 0 3
301 530 1529638719622648 1529638719622742 1529638719623178 0 5
206 526 1529638719816178 1529638719816267 1529638719816704 0 3
190 557 1529638719878237 1529638719878325 1529638719878794 0 3
610 569 1529638719952586 1529638719952674 1529638719953155 0 10
1930 400 1529638720079978 1529638720080067 1529638720080378 0 49
1262 563 1529638720274295 1529638720274383 1529638720274858 0 21
212 526 1529638720404391 1529638720404482 1529638720404917 0 3
2479728 22234 1529638720513372 1529638720513462 1529638720535606 0 895
18898815 166797 1529638720568470 1529638720568557 1529638720735267 0 906
6763 415 1529638720582794 1529638720582883 1529638720583209 0 165
567 729 1529638720704141 1529638720704228 1529638720704870 0 7
180 343 1529638720968020 1529638720968105 1529638720968363 0 5
180 302 1529638720970420 1529638720970506 1529638720970722 0 6
180 551 1529638721042591 1529638721042677 1529638721043142 0 3
180 567 1529638721293858 1529638721293951 1529638721294425 0 3
1509 380 1529638721426192 1529638721426281 1529638721426572 0 41
2866059 25733 1529638721618395 1529638721618480 1529638721644128 0 893
303 533 1529638721970543 1529638721970632 1529638721971076 0 5
204 569 1529638722035890 1529638722035980 1529638722036459 0 3
2119 390 1529638722243315 1529638722243405 1529638722243705 0 56
1408 541 1529638722412809 1529638722412898 1529638722413350 0 24
9582 469 1529638722594834 1529638722594939 1529638722595303 0 210
1623 378 1529638723064512 1529638723064607 1529638723064890 0 45
337 378 1529638723456758 1529638723456849 1529638723457136 0 9
690 578 1529638723500135 1529638723500228 1529638723500713 0 11
1066424 10005 1529638723668329 1529638723668421 1529638723678334 0 860
2389 343 1529638723723149 1529638723723233 1529638723723492 0 73
2816 365 1529638723725975 1529638723726063 1529638723726340 0 81
854 515 1529638723790878 1529638723790967 1529638723791393 0 16
1655 378 1529638723928534 1529638723928624 1529638723928912 0 45
6774 388 1529638723969557 1529638723969645 1529638723969945 0 180
2232 364 1529638724004719 1529638724004805 1529638724005083 0 64
1376 537 1529638724171745 1529638724171835 1529638724172282 0 24
194 371 1529638724376406 1529638724376495 1529638724376777 0 5
184 437 1529638724381233 1529638724381321 1529638724381670 0 4
721 556 1529638724423976 1529638724424065 1529638724424532 0 12
8082 458 1529638724451960 1529638724452045 1529638724452418 0 173
229370 2361 1529638724488026 1529638724488118 1529638724490387 0 808
1996 376 1529638724653385 1529638724653474 1529638724653761 0 55
180 501 1529638724710237 1529638724710333 1529638724710738 0 3
2585 388 1529638725361487 1529638725361575 1529638725361875 0 68
1501 474 1529638725379166 1529638725379255 1529638725379640 0 31
1503 366 1529638725495883 1529638725495972 1529638725496249 0 43
276 522 1529638725649562 1529638725649651 1529638725650084 0 5
1620 367 1529638725781300 1529638725781390 1529638725781667 0 46
1907 367 1529638725804168 1529638725804257 1529638725804535 0 54
1305 543 1529638725992158 1529638725992246 1529638725992701 0 22
947 555 1529638726036372 1529638726036459 1529638726036927 0 16
179761 2008 1529638726105759 1529638726105845 1529638726107767 0 748
611 565 1529638726263001 1529638726263092 1529638726263566 0 10
180 551 1529638726283435 1529638726283521 1529638726283986 0 3
1263 534 1529638726292012 1529638726292100 1529638726292546 0 22
525 574 1529638726335263 1529638726335347 1529638726335837 0 8
2949941 26271 1529638726590054 1529638726590146 1529638726616325 0 901
198 293 1529638726655316 1529638726655403 1529638726655609 0 7
1168 331 1529638726909423 1529638726909514 1529638726909754 0 38
203 547 1529638727447152 1529638727447246 1529638727447699 0 3
231 530 1529638727492571 1529638727492659 1529638727493101 0 4
2221 378 1529638727550607 1529638727550701 1529638727550985 0 62
9390 417 1529638727627210 1529638727627296 1529638727627627 0 226
713 553 1529638727788558 1529638727788646 1529638727789111 0 12
657 548 1529638728067453 1529638728067551 1529638728068001 0 11
6475 384 1529638728071621 1529638728071711 1529638728072005 0 176
228750 2592 1529638728130877 1529638728130964 1529638728133469 0 730
394801 3823 1529638728405368 1529638728405459 1529638728409191 0 846
677 395 1529638728677982 1529638728678073 1529638728678377 0 17
180 538 1529638728810456 1529638728810548 1529638728810994 0 3
830 487 1529638728832084 1529638728832177 1529638728832571 0 16
1021 523 1529638729078936 1529638729079022 1529638729079459 0 18
196 562 1529638729206863 1529638729206952 1529638729207425 0 3
263 524 1529638729217141 1529638729217230 1529638729217665 0 4
1354 537 1529638729277899 1529638729277989 1529638729278436 0 24
197 518 1529638729317821 1529638729317906 1529638729318339 0 3
203 390 1529638729407788 1529638729407874 1529638729408178 0 5
6499 364 1529638729514512 1529638729514604 1529638729514876 0 191
749 437 1529638729712979 1529638729713068 1529638729713416 0 17
738 457 1529638729845140 1529638729845228 1529638729845597 0 16
1116 559 1529638730015756 1529638730015844 1529638730016315 0 18
1267 549 1529638730206302 1529638730206388 1529638730206851 0 21
271 582 1529638730709342 1529638730709433 1529638730709924 0 4
1006 545 1529638730785244 1529638730785337 1529638730785789 0 17
5629 453 1529638730889068 1529638730889156 1529638730889521 0 123
266 563 1529638731138245 1529638731138335 1529638731138808 0 4
1796 371 1529638731490402 1529638731490492 1529638731490773 0 51
183 376 1529638731544522 1529638731544610 1529638731544898 0 5
2043 339 1529638731559197 1529638731559280 1529638731559536 0 63
1346 625 1529638731559309 1529638731559623 1529638731559934 0 34
180 560 1529638731920378 1529638731920467 1529638731920938 0 3
254361 3421 1529638731989300 1529638731989387 1529638731992721 0 610
1903 393 1529638732013906 1529638732013987 1529638732014299 0 48
1047 555 1529638732039815 1529638732039897 1529638732040370 0 17
7871 451 1529638732139151 1529638732139236 1529638732139602 0 172
1593 433 1529638732255033 1529638732255133 1529638732255466 0 38
1523 361 1529638732533638 1529638732533726 1529638732533999 0 44
54303246 478592 1529638732647265 1529638732647354 1529638733125857 0 907
180 869 1529638732699620 1529638732699708 1529638732700489 0 1
199 440 1529638732764248 1529638732764338 1529638732764688 0 4
1900 370 1529638732920416 1529638732920503 1529638732920786 0 53
189970 2030 1529638733185022 1529638733185113 1529638733187052 0 783
187 527 1529638733427672 1529638733427762 1529638733428199 0 3
180 341 1529638733679464 1529638733679553 1529638733679805 0 5
197 535 1529638733728816 1529638733728906 1529638733729351 0 3
1092 380 1529638734019965 1529638734020052 1529638734020345 0 29
5876 375 1529638734139763 1529638734139850 1529638734140138 0 163
2297340 21036 1529638734189825 1529638734189914 1529638734210861 0 877
180 371 1529638734378599 1529638734378688 1529638734378970 0 5
180 350 1529638734383074 1529638734383160 1529638734383424 0 5
4623 364 1529638734829642 1529638734829733 1529638734830006 0 135
180 534 1529638734880617 1529638734880705 1529638734881151 0 3
194 534 1529638734915768 1529638734915856 1529638734916302 0 3
960 426 1529638735132825 1529638735132915 1529638735133251 0 22
999 476 1529638735835492 1529638735835580 1529638735835968 0 20
199 557 1529638735927768 1529638735927857 1529638735928325 0 3
770 519 1529638736067470 1529638736067557 1529638736067989 0 14
517 600 1529638736196254 1529638736196344 1529638736196854 0 8
739 554 1529638736206497 1529638736206585 1529638736207051 0 12
180 515 1529638736249235 1529638736249324 1529638736249750 0 3
214 557 1529638736300504 1529638736300592 1529638736301061 0 3
626772145 7367384 1529638736504110 1529638736504193 1529638743871494 0 97
2254 387 1529638736724723 1529638736724829 1529638736725110 0 64
207 791 1529638736930998 1529638736931084 1529638736931789 0 2
2026 833 1529638737123757 1529638737123862 1529638737124590 0 22
1418 720 1529638737232953 1529638737233036 1529638737233673 0 17
2611 440 1529638737408816 1529638737408917 1529638737409256 0 61
1046 894 1529638737870853 1529638737870935 1529638737871747 0 10
422 613 1529638737899271 1529638737899356 1529638737899884 0 6
1014 973 1529638737926427 1529638737926512 1529638737927400 0 9
269 842 1529638738009221 1529638738009302 1529638738010063 0 2
1192 1016 1529638738033124 1529638738033209 1529638738034140 0 10
940 887 1529638738064790 1529638738064878 1529638738065677 0 9
180 495 1529638738208833 1529638738208917 1529638738209328 0 3
102678 2834 1529638738318108 1529638738318207 1529638738320942 0 300
180 951 1529638738383666 1529638738383751 1529638738384617 0 1
3626 568 1529638738455859 1529638738455944 1529638738456427 0 60
994265 9531 1529638738726980 1529638738727069 1529638738736511 0 842
21768 788 1529638738926357 1529638738926439 1529638738927145 0 246
2277 707 1529638739059705 1529638739059793 1529638739060412 0 29
1061 813 1529638739267284 1529638739267376 1529638739268097 0 11
5385903 64092 1529638739759422 1529638739759536 1529638739823514 0 673
181 625 1529638739896402 1529638739896508 1529638739897027 0 2
187 548 1529638739933668 1529638739933775 1529638739934216 0 3
1049 392 1529638740079843 1529638740079951 1529638740080235 0 29
252 391 1529638740082111 1529638740082203 1529638740082502 0 6
931 868 1529638740377726 1529638740377834 1529638740378594 0 9
184 829 1529638740413870 1529638740413981 1529638740414699 0 2
635 809 1529638740505111 1529638740505217 1529638740505920 0 7
180 505 1529638740827624 1529638740827733 1529638740828129 0 3
219 510 1529638740832639 1529638740832731 1529638740833149 0 4
192 604 1529638741120970 1529638741121078 1529638741121574 0 3
1719 814 1529638741142578 1529638741142698 1529638741143392 0 19
512 957 1529638741401174 1529638741401281 1529638741402131 0 4
195 740 1529638741953880 1529638741953993 1529638741954620 0 2
502 496 1529638741998329 1529638741998435 1529638741998825 0 10
180 659 1529638742009881 1529638742009992 1529638742010540 0 2
1012 681 1529638742124227 1529638742124337 1529638742124908 0 14
63538 2553 1529638742219836 1529638742219924 1529638742222389 0 206
180 860 1529638742238792 1529638742238884 1529638742239652 0 1
845 448 1529638742388945 1529638742389036 1529638742389393 0 18
180 751 1529638742551019 1529638742551130 1529638742551770 0 2
1646 386 1529638742741399 1529638742741508 1529638742741785 0 47
303 524 1529638742826329 1529638742826435 1529638742826853 0 5
99701685 957418 1529638742853273 1529638742853364 1529638743810691 0 833
1698 933 1529638743187689 1529638743187783 1529638743188622 0 16
47659 3476 1529638743335539 1529638743335576 1529638743339015 0 110
3220 574 1529638743360845 1529638743360877 1529638743361419 0 47
108123 2626 1529638743469117 1529638743469147 1529638743471743 0 333
205 799 1529638743527185 1529638743527288 1529638743527984 0 2
1036 656 1529638743607444 1529638743607519 1529638743608100 0 14
1113 652 1529638743641382 1529638743641487 1529638743642034 0 16
613 422 1529638743934452 1529638743934538 1529638743934874 0 14
837 374 1529638743939384 1529638743939475 1529638743939758 0 23
180 670 1529638743987482 1529638743987574 1529638743988152 0 2
197 611 1529638744016021 1529638744016112 1529638744016632 0 3
185938 2227 1529638744038716 1529638744038775 1529638744040943 0 686
215 551 1529638744291630 1529638744291718 1529638744292181 0 3
1084 605 1529638744331563 1529638744331657 1529638744332168 0 16
4806 466 1529638744345006 1529638744345096 1529638744345472 0 102
685 489 1529638744351486 1529638744351505 1529638744351975 0 11
4958 429 1529638744387275 1529638744387355 1529638744387704 0 113
199483 2099 1529638744422799 1529638744422879 1529638744424898 0 790
180 576 1529638744490221 1529638744490314 1529638744490797 0 2
6354 411 1529638744981477 1529638744981557 1529638744981888 0 153
1591 375 1529638745275047 1529638745275138 1529638745275422 0 44
2604 446 1529638745294831 1529638745294912 1529638745295277 0 57
1398 562 1529638745299032 1529638745299122 1529638745299594 0 23
1005 561 1529638745437658 1529638745437748 1529638745438219 0 17
654 573 1529638745555939 1529638745556045 1529638745556512 0 11
141126 2119 1529638745665656 1529638745665738 1529638745667775 0 554
649 586 1529638745779145 1529638745779251 1529638745779731 0 10
6770 382 1529638745912337 1529638745912426 1529638745912719 0 184
866820 8134 1529638746444613 1529638746444701 1529638746452747 0 861
1035 546 1529638746735594 1529638746735685 1529638746736140 0 18
2763 402 1529638746752626 1529638746752709 1529638746753028 0 69
8595 426 1529638746764347 1529638746764428 1529638746764773 0 199
2511 358 1529638746821616 1529638746821693 1529638746821974 0 71
754 584 1529638746918609 1529638746918698 1529638746919193 0 12
1257 553 1529638746943118 1529638746943209 1529638746943671 0 21
486 547 1529638747563744 1529638747563830 1529638747564291 0 8
2285 316 1529638747575477 1529638747575496 1529638747575793 0 61
180 539 1529638747755586 1529638747755676 1529638747756125 0 3
183 535 1529638747795674 1529638747795764 1529638747796209 0 3
1424 579 1529638747860633 1529638747860722 1529638747861212 0 23
180 567 1529638748188732 1529638748188821 1529638748189299 0 3
1767 370 1529638748529587 1529638748529676 1529638748529957 0 50
658 646 1529638748741279 1529638748741368 1529638748741925 0 9
93177441 821138 1529638748790035 1529638748790144 1529638749611173 0 907
193 703 1529638748791179 1529638748791289 1529638748791882 0 2
571 907 1529638748840882 1529638748840970 1529638748841789 0 5
2441 454 1529638748871815 1529638748871902 1529638748872269 0 53
207 974 1529638749439838 1529638749439950 1529638749440812 0 1
6014 888 1529638749447492 1529638749447578 1529638749448380 0 59
6180 577 1529638749576938 1529638749577027 1529638749577515 0 101
1639 393 1529638749704632 1529638749704743 1529638749705025 0 46
5784 295 1529638749890300 1529638749890380 1529638749890595 0 215
9766 413 1529638750056471 1529638750056551 1529638750056884 0 234
95413 1174 1529638750243686 1529638750243767 1529638750244860 0 698
716 533 1529638750246662 1529638750246757 1529638750247195 0 13
2525 381 1529638750274249 1529638750274331 1529638750274630 0 67
400 521 1529638750288977 1529638750289067 1529638750289498 0 7
180 520 1529638750461189 1529638750461278 1529638750461709 0 3
8021 450 1529638750535074 1529638750535159 1529638750535524 0 175
180 541 1529638750792572 1529638750792662 1529638750793113 0 3
920 461 1529638750803887 1529638750803904 1529638750804348 0 16
417 548 1529638750918620 1529638750918711 1529638750919168 0 7
582 550 1529638750937650 1529638750937753 1529638750938200 0 10
203 500 1529638751010005 1529638751010107 1529638751010505 0 4
1680 389 1529638751067075 1529638751067168 1529638751067464 0 45
217 557 1529638751148422 1529638751148514 1529638751148979 0 3
915 603 1529638751191695 1529638751191788 1529638751192298 0 14
615 579 1529638751406517 1529638751406623 1529638751407096 0 10
1140 408 1529638751504380 1529638751504469 1529638751504788 0 28
180 535 1529638751838751 1529638751838840 1529638751839286 0 3
8803 429 1529638751918542 1529638751918623 1529638751918971 0 202
284 563 1529638752048862 1529638752048951 1529638752049425 0 4
1408714 12997 1529638752285383 1529638752285490 1529638752298380 0 874
203 530 1529638752607680 1529638752607771 1529638752608210 0 3
1320 499 1529638752632365 1529638752632461 1529638752632864 0 26
205 265 1529638752720486 1529638752720512 1529638752720751 0 6
65906 954 1529638753006200 1529638753006281 1529638753007154 0 603
966 581 1529638753161088 1529638753161189 1529638753161669 0 16
429 543 1529638753635005 1529638753635093 1529638753635548 0 7
3085 436 1529638753706544 1529638753706625 1529638753706980 0 69
731 558 1529638753781695 1529638753781784 1529638753782253 0 12
209 521 1529638753949186 1529638753949276 1529638753949707 0 3
1017 554 1529638754066417 1529638754066506 1529638754066971 0 17
1083117 10176 1529638754267367 1529638754267455 1529638754277543 0 858
206 412 1529638754730208 1529638754730226 1529638754730620 0 4
1577 354 1529638754753773 1529638754753860 1529638754754127 0 47
3114 379 1529638754813460 1529638754813541 1529638754813839 0 83
1422 606 1529638755281653 1529638755281745 1529638755282259 0 22
370 540 1529638755355806 1529638755355894 1529638755356346 0 6
987 575 1529638755538723 1529638755538813 1529638755539298 0 16
180 520 1529638755560447 1529638755560534 1529638755560967 0 3
1311 551 1529638755596348 1529638755596407 1529638755596899 0 21
180 493 1529638755629521 1529638755629583 1529638755630014 0 3
2922291 26376 1529638755663015 1529638755663112 1529638755689391 0 889
180 26376 1529638755663025 1529638755663112 1529638755689401 0 0
2159 179 1529638755714504 1529638755714519 1529638755714683 0 105
2206526 19656 1529638755863254 1529638755863351 1529638755882910 0 902
1672 385 1529638756102813 1529638756102872 1529638756103198 0 41
191 500 1529638756247724 1529638756247781 1529638756248224 0 3
1545 379 1529638756268889 1529638756268946 1529638756269268 0 38
1710 319 1529638756424370 1529638756424427 1529638756424689 0 52
278285 2852 1529638756477195 1529638756477287 1529638756480047 0 806
854 511 1529638756566041 1529638756566099 1529638756566552 0 15
733943347 13015118 1529638756816278 1529638756816362 1529638769831396 0 121
677 547 1529638757001407 1529638757001497 1529638757001954 0 11
180 774 1529638757309623 1529638757309701 1529638757310397 0 2
1555 657 1529638757481837 1529638757481898 1529638757482494 0 20
658 908 1529638757540772 1529638757540844 1529638757541680 0 6
994 883 1529638757662971 1529638757663043 1529638757663854 0 9
122722 2241 1529638757807970 1529638757808055 1529638757810211 0 455
118916 1818 1529638757864022 1529638757864089 1529638757865840 0 543
967 813 1529638757969593 1529638757969654 1529638757970406 0 10
1043 688 1529638758211830 1529638758211846 1529638758212518 0 12
249 680 1529638758460851 1529638758460909 1529638758461531 0 3
1072 625 1529638758568758 1529638758568782 1529638758569383 0 14
300 447 1529638759230021 1529638759230096 1529638759230468 0 6
92684863 1001434 1529638759261768 1529638759261878 1529638760263202 0 740
998584736 22847410 1529638759654820 1529638759654934 1529638782502230 0 161
2220174 50363 1529638759678455 1529638759678544 1529638759728818 0 353
211 667 1529638760121294 1529638760121339 1529638760121961 0 2
997 1163 1529638760257938 1529638760258001 1529638760259101 0 7
539 537 1529638760353613 1529638760353678 1529638760354150 0 9
530 665 1529638760393060 1529638760393105 1529638760393725 0 6
6909 881 1529638760492779 1529638760492862 1529638760493660 0 69
554 795 1529638760585421 1529638760585464 1529638760586216 0 5
5130 818 1529638760608960 1529638760609055 1529638760609778 0 56
180 690 1529638760872470 1529638760872516 1529638760873160 0 2
1924 485 1529638761053398 1529638761053506 1529638761053883 0 40
2755 447 1529638761074509 1529638761074591 1529638761074956 0 60
1741 462 1529638761090620 1529638761090711 1529638761091082 0 37
2110 680 1529638761382292 1529638761382309 1529638761382972 0 25
2990 524 1529638761421033 1529638761421102 1529638761421557 0 52
346423 4950 1529638761601718 1529638761601809 1529638761606668 0 570
368423 4988 1529638761661691 1529638761661777 1529638761666679 0 601
1946 809 1529638762026929 1529638762026972 1529638762027738 0 20
3141 533 1529638762108330 1529638762108429 1529638762108863 0 57
180 869 1529638762231346 1529638762231429 1529638762232215 0 1
1665 810 1529638762395818 1529638762395862 1529638762396628 0 17
7596 727 1529638762401135 1529638762401223 1529638762401862 0 95
730 697 1529638762583026 1529638762583042 1529638762583723 0 8
223102 2361 1529638762773787 1529638762773871 1529638762776148 0 783
884 644 1529638763084416 1529638763084527 1529638763085060 0 13
5225 414 1529638763182008 1529638763182096 1529638763182422 0 128
1081080 13148 1529638763228295 1529638763228361 1529638763241443 0 661
184 711 1529638763844873 1529638763844889 1529638763845584 0 2
1215 1017 1529638763891040 1529638763891125 1529638763892057 0 10
941 593 1529638763933954 1529638763934032 1529638763934547 0 14
285977 3977 1529638764049284 1529638764049387 1529638764053261 0 590
494 408 1529638764096359 1529638764096422 1529638764096767 0 11
907 860 1529638764460857 1529638764460890 1529638764461717 0 8
1696 657 1529638764600481 1529638764600570 1529638764601138 0 23
185 657 1529638764716954 1529638764717016 1529638764717611 0 2
180 556 1529638764730843 1529638764730934 1529638764731399 0 3
4323 771 1529638764751265 1529638764751346 1529638764752036 0 50
7960699 79751 1529638765231492 1529638765231568 1529638765311243 0 799
604 688 1529638765239028 1529638765239066 1529638765239716 0 7
923 820 1529638765274487 1529638765274545 1529638765275307 0 9
2154 534 1529638765354286 1529638765354333 1529638765354820 0 35
830 807 1529638765440671 1529638765440705 1529638765441478 0 8
7321 855 1529638765577232 1529638765577247 1529638765578087 0 69
1971 832 1529638765930211 1529638765930284 1529638765931043 0 20
434269291 11963132 1529638766034219 1529638769831421 1529638777997351 0 425
300 933 1529638766106196 1529638766106282 1529638766107129 0 2
2962363 32787 1529638766130396 1529638766130465 1529638766163183 0 724
1210 577 1529638766533167 1529638766533215 1529638766533744 0 18
529465227 19941066 1529638766543675 1529638777997372 1529638786484741 0 499
190 743 1529638766701361 1529638766701424 1529638766702104 0 2
180 962 1529638766823498 1529638766823560 1529638766824460 0 1
204 756 1529638766979490 1529638766979551 1529638766980246 0 2
354520 5118 1529638767094851 1529638767094955 1529638767099969 0 565
2820 394 1529638767234831 1529638767234913 1529638767235225 0 72
2540 534 1529638767370673 1529638767370757 1529638767371207 0 45
2637 911 1529638767442662 1529638767442750 1529638767443573 0 25
869 937 1529638767468418 1529638767468518 1529638767469355 0 8
195 420 1529638767478149 1529638767478218 1529638767478569 0 4
717 797 1529638767560945 1529638767561023 1529638767561742 0 7
1047 731 1529638767731511 1529638767731568 1529638767732242 0 12
1685 775 1529638768203593 1529638768203627 1529638768204368 0 18
1356 671 1529638768342063 1529638768342140 1529638768342734 0 18
2579 1044 1529638768481292 1529638768481375 1529638768482336 0 21
5198 731 1529638768908934 1529638768909025 1529638768909665 0 64
476772 9304 1529638769029457 1529638769029545 1529638769038761 0 413
1635445 29053 1529638769109579 1529638769109649 1529638769138632 0 451
165616 1926 1529638769229015 1529638769229102 1529638769230941 0 720
376 347 1529638769323559 1529638769323620 1529638769323906 0 10
180 468 1529638769380041 1529638769380137 1529638769380509 0 3
8261 430 1529638769554589 1529638769554664 1529638769555019 0 186
2432 421 1529638769604025 1529638769604038 1529638769604446 0 47
180 933 1529638769889532 1529638769889615 1529638769890465 0 1
180 1033 1529638770077672 1529638770077782 1529638770078705 0 1
386128 7541 1529638770083246 1529638770083316 1529638770090787 0 413
1321 735 1529638770530692 1529638770530755 1529638770531427 0 15
1293 403 1529638770536231 1529638770536292 1529638770536634 0 30
180 815 1529638770970171 1529638770970238 1529638770970986 0 1
224738 4871 1529638771141943 1529638771142013 1529638771146814 0 374
280794 2815 1529638771340300 1529638771340386 1529638771343115 0 823
1079 600 1529638771404442 1529638771404536 1529638771405042 0 17
777 602 1529638771566896 1529638771566962 1529638771567498 0 11
3165 789 1529638771611467 1529638771611556 1529638771612256 0 36
206 805 1529638771710238 1529638771710304 1529638771711043 0 2
180 801 1529638771711908 1529638771711987 1529638771712709 0 1
9081 755 1529638771730961 1529638771731046 1529638771731716 0 108
383 597 1529638771831742 1529638771831820 1529638771832339 0 5
1752 386 1529638771920327 1529638771920387 1529638771920713 0 42
460 733 1529638771923385 1529638771923459 1529638771924118 0 5
148219 3395 1529638771971437 1529638771971517 1529638771974832 0 357
1650 702 1529638771993622 1529638771993699 1529638771994324 0 21
356896 6221 1529638772388192 1529638772388280 1529638772394413 0 465
346 528 1529638772416139 1529638772416151 1529638772416667 0 5
1074 740 1529638772473948 1529638772474023 1529638772474688 0 12
1947 410 1529638772651764 1529638772651838 1529638772652174 0 46
873 476 1529638773107424 1529638773107489 1529638773107900 0 16
2034 759 1529638773249466 1529638773249483 1529638773250225 0 21
210 563 1529638773433159 1529638773433266 1529638773433722 0 3
180 561 1529638773918065 1529638773918080 1529638773918626 0 2
1461 351 1529638774018752 1529638774018766 1529638774019103 0 34
731 753 1529638774095848 1529638774095862 1529638774096601 0 7
1781 448 1529638774205184 1529638774205198 1529638774205632 0 32
892 556 1529638774205654 1529638774205666 1529638774206210 0 13
297 440 1529638774524973 1529638774525036 1529638774525413 0 6
189 436 1529638774573702 1529638774573760 1529638774574138 0 4
917 911 1529638774737159 1529638774737187 1529638774738070 0 8
561 501 1529638774825531 1529638774825559 1529638774826032 0 9
931 457 1529638774964733 1529638774964801 1529638774965190 0 19
198 590 1529638775116220 1529638775116315 1529638775116810 0 3
202 565 1529638775154048 1529638775154148 1529638775154613 0 3
215 765 1529638775176813 1529638775176916 1529638775177578 0 2
283045 5638 1529638775258239 1529638775258326 1529638775263877 0 407
365598 6774 1529638775272323 1529638775272424 1529638775279097 0 438
3110 681 1529638775291705 1529638775291765 1529638775292386 0 40
1075 438 1529638775315820 1529638775315929 1529638775316258 0 26
180 565 1529638775373980 1529638775374055 1529638775374545 0 2
745 533 1529638775400767 1529638775400872 1529638775401300 0 13
206 575 1529638775477510 1529638775477614 1529638775478085 0 3
2867 361 1529638775495557 1529638775495634 1529638775495918 0 80
1054 646 1529638775779286 1529638775779388 1529638775779932 0 15
1449 802 1529638775860780 1529638775860806 1529638775861582 0 14
1067 606 1529638775913829 1529638775913881 1529638775914435 0 15
2028 748 1529638776186587 1529638776186601 1529638776187335 0 22
180 491 1529638776211483 1529638776211494 1529638776211974 0 3
180 485 1529638776461048 1529638776461072 1529638776461533 0 3
1463 756 1529638776503239 1529638776503260 1529638776503995 0 15
596 872 1529638776578458 1529638776578540 1529638776579330 0 6
1346 948 1529638776743873 1529638776743966 1529638776744821 0 12
5462 955 1529638776749118 1529638776749207 1529638776750073 0 50
1284 403 1529638777106779 1529638777106874 1529638777107182 0 33
180 954 1529638777292207 1529638777292293 1529638777293161 0 1
4894 429 1529638777674904 1529638777674994 1529638777675333 0 115
55593840 880979 1529638777688965 1529638777689061 1529638778569944 0 504
299022 4919 1529638777751157 1529638777751191 1529638777756076 0 489
1566467 62647 1529638777881348 1529638777881412 1529638777943995 0 200
65904 3259 1529638777926257 1529638777926307 1529638777929516 0 164
236 902 1529638777941823 1529638777941860 1529638777942725 0 2
589 820 1529638778414260 1529638778414286 1529638778415080 0 5
180 938 1529638778416400 1529638778416415 1529638778417338 0 1
1386 453 1529638778552211 1529638778552228 1529638778552664 0 25
40153817 623077 1529638778590602 1529638778590659 1529638779213679 0 515
461 722 1529638778622579 1529638778622598 1529638778623301 0 5
2291 598 1529638778869581 1529638778869599 1529638778870179 0 31
634045185 14840158 1529638778964794 1529638786484774 1529638793804952 0 106
2175 350 1529638779087132 1529638779087193 1529638779087482 0 60
1089 1033 1529638779145002 1529638779145043 1529638779146035 0 8
1768 856 1529638779352101 1529638779352132 1529638779352957 0 17
455 477 1529638779359920 1529638779359955 1529638779360397 0 8
1473 323 1529638779439058 1529638779439077 1529638779439381 0 38
2515 401 1529638779534465 1529638779534553 1529638779534866 0 64
1006 964 1529638780143466 1529638780143483 1529638780144430 0 8
294 850 1529638780240551 1529638780240592 1529638780241401 0 2
2498432 29684 1529638781116062 1529638781116162 1529638781145746 0 675
722 504 1529638781368862 1529638781368905 1529638781369366 0 12
1593 464 1529638781516296 1529638781516411 1529638781516760 0 36
1429 396 1529638781569698 1529638781569719 1529638781570094 0 30
1848 697 1529638781849240 1529638781849310 1529638781849937 0 23
365 579 1529638781979064 1529638781979081 1529638781979643 0 5
75623 1740 1529638782154765 1529638782154830 1529638782156505 0 361
825 743 1529638782226286 1529638782226348 1529638782227029 0 9
32101 1241 1529638782459642 1529638782459737 1529638782460883 0 224
602 689 1529638782829104 1529638782829119 1529638782829793 0 7
206 662 1529638782862936 1529638782862952 1529638782863598 0 2
6792 342 1529638782957418 1529638782957475 1529638782957760 0 190
512 331 1529638782996478 1529638782996495 1529638782996809 0 13
180 983 1529638783353892 1529638783353909 1529638783354875 0 1
869 480 1529638783503687 1529638783503708 1529638783504167 0 15
227 750 1529638783691450 1529638783691468 1529638783692200 0 2
180 546 1529638783833950 1529638783833967 1529638783834496 0 2
79365981 1381075 1529638784015876 1529638784015951 1529638785396951 0 459
125027 7387 1529638784136688 1529638784136742 1529638784144075 0 136
265492 7647 1529638784146287 1529638784146355 1529638784153934 0 280
1611 746 1529638784189288 1529638784189305 1529638784190034 0 17
1154 442 1529638784219414 1529638784219430 1529638784219856 0 21
815 700 1529638784347118 1529638784347135 1529638784347818 0 9
180 361 1529638784528865 1529638784528884 1529638784529226 0 4
180 684 1529638784584151 1529638784584169 1529638784584835 0 2
423 678 1529638784644952 1529638784644969 1529638784645630 0 5
1188 378 1529638784715940 1529638784715957 1529638784716318 0 26
286109 9386 1529638784804086 1529638784804121 1529638784813472 0 244
7192 408 1529638785530451 1529638785530533 1529638785530859 0 176
8128 473 1529638785677448 1529638785677528 1529638785677921 0 165
154335 3763 1529638785871727 1529638785871806 1529638785875490 0 335
331 620 1529638786017738 1529638786017757 1529638786018358 0 4
2467 802 1529638786120880 1529638786120897 1529638786121682 0 25
1368 619 1529638786247243 1529638786247260 1529638786247862 0 18
281655 5345 1529638786252418 1529638786252471 1529638786257763 0 425
1046 609 1529638786530247 1529638786530264 1529638786530856 0 14
42988914 886225 1529638786855293 1529638786855397 1529638787741518 0 388
6435 490 1529638787052854 1529638787052935 1529638787053344 0 125
689 579 1529638787395887 1529638787395906 1529638787396466 0 9
1086 584 1529638787409064 1529638787409081 1529638787409648 0 15
2463 350 1529638787614220 1529638787614319 1529638787614570 0 78
172763027 7688689 1529638787638707 1529638793804988 1529638795327396 0 907
1015 468 1529638787653234 1529638787653277 1529638787653702 0 19
1064 487 1529638787686902 1529638787686945 1529638787687389 0 19
49112909 843253 1529638788119469 1529638788119516 1529638788962722 0 465
87450 4277 1529638788167320 1529638788167338 1529638788171597 0 164
180 620 1529638788299895 1529638788299912 1529638788300515 0 2
139892 2648 1529638788339925 1529638788340014 1529638788342573 0 437
860 666 1529638788391414 1529638788391431 1529638788392080 0 10
1869 608 1529638788514805 1529638788514823 1529638788515413 0 25
5031 756 1529638788668472 1529638788668541 1529638788669228 0 58
180 403 1529638788717010 1529638788717025 1529638788717413 0 3
881 1003 1529638788725621 1529638788725638 1529638788726624 0 7
963 523 1529638788886244 1529638788886262 1529638788886767 0 15
545 487 1529638788886829 1529638788886881 1529638788887316 0 10
360753 11058 1529638788915105 1529638788915123 1529638788926163 0 261
180 879 1529638789101294 1529638789101311 1529638789102173 0 1
2234 362 1529638789133520 1529638789133536 1529638789133882 0 51
1093 735 1529638789245537 1529638789245555 1529638789246272 0 12
693 494 1529638789311781 1529638789311798 1529638789312275 0 11
1413 368 1529638789396818 1529638789396835 1529638789397186 0 32
969 442 1529638789465597 1529638789465614 1529638789466039 0 18
180 878 1529638789474917 1529638789474934 1529638789475795 0 1
468 373 1529638789533128 1529638789533149 1529638789533501 0 10
1053 521 1529638789575051 1529638789575097 1529638789575572 0 17
180 504 1529638789661049 1529638789661092 1529638789661553 0 3
863 713 1529638789763471 1529638789763495 1529638789764184 0 10
2043 523 1529638789783209 1529638789783227 1529638789783732 0 32
2386349 43720 1529638789883404 1529638789883422 1529638789927124 0 436
189 886 1529638789913744 1529638789913771 1529638789914630 0 1
1119 719 1529638790045162 1529638790045180 1529638790045881 0 12
967 581 1529638790337922 1529638790337939 1529638790338503 0 13
212 618 1529638790477335 1529638790477353 1529638790477953 0 2
161510 4682 1529638790551543 1529638790551565 1529638790556225 0 277
180 956 1529638790749809 1529638790749827 1529638790750765 0 1
1050 512 1529638790878765 1529638790878780 1529638790879277 0 16
3574 895 1529638790893311 1529638790893331 1529638790894206 0 32
182 681 1529638791074914 1529638791074932 1529638791075595 0 2
830249696 12517341 1529638791132765 1529638795327452 1529638803650106 0 282
248 593 1529638791230453 1529638791230470 1529638791231046 0 3
4581 645 1529638791268303 1529638791268320 1529638791268948 0 58
1852 438 1529638791467615 1529638791467632 1529638791468053 0 35
180 472 1529638791621348 1529638791621392 1529638791621820 0 3
180 511 1529638791716083 1529638791716127 1529638791716594 0 3
5062 772 1529638791787574 1529638791787593 1529638791788346 0 53
278478 5445 1529638791915003 1529638791915023 1529638791920448 0 410
180 659 1529638792024830 1529638792024848 1529638792025489 0 2
180 331 1529638792146777 1529638792146795 1529638792147108 0 4
1053 739 1529638792165862 1529638792165879 1529638792166601 0 11
180 928 1529638792258069 1529638792258088 1529638792258997 0 1
614 365 1529638792271232 1529638792271248 1529638792271597 0 14
180 945 1529638792546110 1529638792546125 1529638792547055 0 1
236 876 1529638792649380 1529638792649398 1529638792650256 0 2
610 597 1529638792728275 1529638792728292 1529638792728872 0 8
2197 834 1529638793007009 1529638793007025 1529638793007843 0 21
192 494 1529638793034899 1529638793034917 1529638793035393 0 3
6729 454 1529638793048794 1529638793048813 1529638793049248 0 123
180 375 1529638793440710 1529638793440728 1529638793441085 0 4
2799 389 1529638793691185 1529638793691287 1529638793691574 0 78
187 611 1529638793884922 1529638793884940 1529638793885533 0 2
413 736 1529638794105131 1529638794105147 1529638794105867 0 4
191 778 1529638794161325 1529638794161342 1529638794162103 0 2
182 793 1529638794254313 1529638794254331 1529638794255106 0 1
3155 404 1529638794505970 1529638794505987 1529638794506374 0 65
87143 4449 1529638794630151 1529638794630171 1529638794634600 0 157
1637 414 1529638794782262 1529638794782279 1529638794782676 0 32
183 614 1529638795094731 1529638795094748 1529638795095345 0 2
416 478 1529638795392004 1529638795392022 1529638795392482 0 7
2367 629 1529638795456135 1529638795456151 1529638795456764 0 30
1334 631 1529638795534765 1529638795534782 1529638795535396 0 17
891 545 1529638795668387 1529638795668406 1529638795668932 0 13
277 394 1529638795679194 1529638795679211 1529638795679588 0 5
137645 2001 1529638795685294 1529638795685312 1529638795687295 0 555
2123 773 1529638795857559 1529638795857578 1529638795858332 0 22
969 506 1529638796071909 1529638796071928 1529638796072415 0 15
851 782 1529638796141003 1529638796141020 1529638796141785 0 8
208 472 1529638796223420 1529638796223437 1529638796223892 0 3
405 386 1529638796339404 1529638796339422 1529638796339790 0 8
306 519 1529638796440806 1529638796440823 1529638796441325 0 4
546 672 1529638796529016 1529638796529030 1529638796529688 0 6
9663 797 1529638796711395 1529638796711414 1529638796712192 0 99
139834 2840 1529638796729559 1529638796729577 1529638796732399 0 396
194 566 1529638796835636 1529638796835654 1529638796836202 0 2
1381104 29524 1529638796911841 1529638796911891 1529638796941365 0 374
192 858 1529638796948507 1529638796948524 1529638796949365 0 1
233 566 1529638797048699 1529638797048716 1529638797049265 0 3
499 369 1529638797328873 1529638797328890 1529638797329242 0 11
1429 328 1529638797501604 1529638797501622 1529638797501932 0 36
211 807 1529638797529830 1529638797529847 1529638797530637 0 2
180 285 1529638797665300 1529638797665323 1529638797665585 0 5
2410 287 1529638797679667 1529638797679748 1529638797679954 0 93
204 341 1529638797896816 1529638797896834 1529638797897157 0 5
596 335 1529638798010366 1529638798010384 1529638798010701 0 15
6553 571 1529638798379754 1529638798379771 1529638798380325 0 94
990 593 1529638798521431 1529638798521448 1529638798522024 0 13
1458 433 1529638798618644 1529638798618661 1529638798619077 0 28
214738 4548 1529638798787942 1529638798787990 1529638798792490 0 381
655 535 1529638799121898 1529638799121915 1529638799122433 0 10
180 553 1529638799225203 1529638799225220 1529638799225756 0 2
5705 644 1529638799312313 1529638799312343 1529638799312957 0 74
189 841 1529638799545120 1529638799545138 1529638799545961 0 1
190 391 1529638799752919 1529638799753023 1529638799753310 0 5
471 876 1529638800286657 1529638800286689 1529638800287533 0 4
432120 7585 1529638800672694 1529638800672743 1529638800680279 0 458
188171 3001 1529638800685879 1529638800685944 1529638800688880 0 512
587299 9831 1529638800717593 1529638800717610 1529638800727424 0 478
329 631 1529638800880610 1529638800880628 1529638800881241 0 4
2424217 39658 1529638800908780 1529638800908815 1529638800948438 0 489
